89.0 567.0 138.0 567.0 138.0 587.0 89.0 587.0 car 0
156.0 256.0 177.0 256.0 177.0 283.0 156.0 283.0 car 0
256.0 307.0 276.0 307.0 276.0 333.0 256.0 333.0 car 0
212.0 267.0 232.0 267.0 232.0 293.0 212.0 293.0 car 0
226.0 240.0 246.0 240.0 246.0 266.0 226.0 266.0 car 0
186.0 145.0 199.0 145.0 199.0 162.0 186.0 162.0 car 0
209.0 119.0 221.0 119.0 221.0 133.0 209.0 133.0 car 0
204.0 55.0 217.0 55.0 217.0 71.0 204.0 71.0 car 0
187.0 12.0 200.0 12.0 200.0 24.0 187.0 24.0 car 0
208.0 1.0 226.0 1.0 226.0 13.0 208.0 13.0 car 0
303.0 141.0 315.0 141.0 315.0 158.0 303.0 158.0 car 0
318.0 239.0 335.0 239.0 335.0 266.0 318.0 266.0 car 0
396.0 584.0 429.0 584.0 429.0 613.0 396.0 613.0 car 0
635.0 960.0 683.0 960.0 683.0 1006.0 635.0 1006.0 car 0
575.0 613.0 623.0 613.0 623.0 652.0 575.0 652.0 traffic-sign 0
628.0 618.0 676.0 618.0 676.0 657.0 628.0 657.0 traffic-sign 0
678.0 619.0 726.0 619.0 726.0 658.0 678.0 658.0 traffic-sign 0
730.0 620.0 778.0 620.0 778.0 659.0 730.0 659.0 traffic-sign 0
639.0 711.0 700.0 711.0 700.0 777.0 639.0 777.0 truck 0
590.0 582.0 641.0 582.0 641.0 627.0 590.0 627.0 truck 0
570.0 495.0 621.0 495.0 621.0 537.0 570.0 537.0 truck 0
529.0 453.0 481.0 473.0 454.0 410.0 503.0 389.0 truck 0
443.0 284.0 406.0 304.0 380.0 256.0 417.0 235.0 truck 0
391.0 125.0 424.0 125.0 424.0 173.0 391.0 173.0 truck 0
93.0 78.0 116.0 78.0 116.0 123.0 93.0 123.0 truck 0
373.0 52.0 396.0 52.0 396.0 80.0 373.0 80.0 car 0
666.0 121.0 700.0 121.0 700.0 138.0 666.0 138.0 traffic-sign 0
623.0 239.0 643.0 239.0 643.0 254.0 623.0 254.0 car 0
700.0 254.0 725.0 254.0 725.0 270.0 700.0 270.0 car 0
710.0 268.0 735.0 268.0 735.0 284.0 710.0 284.0 car 0
717.0 280.0 742.0 280.0 742.0 296.0 717.0 296.0 car 0
729.0 294.0 749.0 294.0 749.0 316.0 729.0 316.0 car 0
780.0 364.0 799.0 364.0 799.0 382.0 780.0 382.0 car 0
802.0 401.0 823.0 401.0 823.0 419.0 802.0 419.0 car 0
824.0 426.0 845.0 426.0 845.0 444.0 824.0 444.0 car 0
840.0 439.0 861.0 439.0 861.0 457.0 840.0 457.0 car 0
853.0 461.0 874.0 461.0 874.0 479.0 853.0 479.0 car 0
867.0 471.0 888.0 471.0 888.0 496.0 867.0 496.0 car 0
879.0 496.0 911.0 496.0 911.0 514.0 879.0 514.0 car 0
904.0 538.0 944.0 538.0 944.0 556.0 904.0 556.0 car 0
931.0 591.0 943.0 591.0 943.0 606.0 931.0 606.0 people 0
749.0 96.0 769.0 96.0 769.0 116.0 749.0 116.0 car 0
733.0 97.0 753.0 97.0 753.0 117.0 733.0 117.0 car 0
690.0 102.0 706.0 102.0 706.0 118.0 690.0 118.0 car 0
707.0 100.0 720.0 100.0 720.0 120.0 707.0 120.0 car 0
722.0 95.0 735.0 95.0 735.0 115.0 722.0 115.0 car 0
881.0 361.0 899.0 361.0 899.0 380.0 881.0 380.0 motor 0
434.0 718.0 379.0 742.0 335.0 637.0 390.0 613.0 truck 0
451.0 843.0 385.0 871.0 326.0 732.0 391.0 704.0 truck 0
770.0 620.0 818.0 620.0 818.0 659.0 770.0 659.0 traffic-sign 0
545.0 356.0 584.0 356.0 584.0 384.0 545.0 384.0 traffic-sign 0
