686.0 962.0 662.0 969.0 650.0 931.0 675.0 924.0 car 0
677.0 924.0 655.0 928.0 650.0 899.0 672.0 895.0 car 0
665.0 894.0 643.0 898.0 638.0 869.0 660.0 865.0 car 0
656.0 864.0 639.0 867.0 635.0 844.0 652.0 840.0 car 0
680.0 824.0 635.0 827.0 634.0 809.0 678.0 806.0 car 0
635.0 821.0 679.0 822.0 679.0 841.0 634.0 839.0 car 0
513.0 915.0 530.0 915.0 530.0 947.0 513.0 947.0 car 0
506.0 862.0 525.0 862.0 525.0 891.0 506.0 891.0 car 0
502.0 828.0 518.0 828.0 518.0 852.0 502.0 852.0 car 0
479.0 662.0 517.0 662.0 517.0 679.0 479.0 679.0 truck 0
538.0 650.0 551.0 650.0 551.0 679.0 538.0 679.0 truck 0
626.0 788.0 671.0 788.0 671.0 800.0 626.0 800.0 car 0
617.0 926.0 570.0 935.0 534.0 759.0 582.0 749.0 ignored 0
659.0 757.0 614.0 762.0 613.0 745.0 657.0 740.0 car 0
661.0 780.0 616.0 785.0 615.0 768.0 659.0 763.0 car 0
623.0 690.0 605.0 691.0 603.0 666.0 621.0 664.0 car 0
574.0 626.0 624.0 626.0 624.0 642.0 574.0 642.0 truck 0
553.0 569.0 600.0 569.0 600.0 582.0 553.0 582.0 car 0
555.0 589.0 606.0 589.0 606.0 601.0 555.0 601.0 car 0
554.0 543.0 602.0 543.0 602.0 557.0 554.0 557.0 car 0
521.0 657.0 471.0 659.0 453.0 204.0 503.0 202.0 ignored 0
506.0 307.0 528.0 307.0 528.0 318.0 506.0 318.0 car 0
433.0 91.0 458.0 91.0 458.0 104.0 433.0 104.0 traffic-sign 0
359.0 116.0 382.0 116.0 382.0 133.0 359.0 133.0 traffic-sign 0
334.0 117.0 353.0 117.0 353.0 132.0 334.0 132.0 traffic-sign 0
317.0 7.0 335.0 7.0 335.0 21.0 317.0 21.0 traffic-sign 0
384.0 380.0 394.0 380.0 394.0 397.0 384.0 397.0 traffic-sign 0
348.0 444.0 394.0 444.0 394.0 477.0 348.0 477.0 traffic-sign 0
397.0 485.0 407.0 485.0 407.0 498.0 397.0 498.0 traffic-sign 0
380.0 988.0 444.0 988.0 444.0 1033.0 380.0 1033.0 traffic-sign 2
336.0 914.0 353.0 914.0 353.0 947.0 336.0 947.0 car 0
326.0 797.0 346.0 797.0 346.0 830.0 326.0 830.0 car 0
361.0 561.0 378.0 561.0 378.0 584.0 361.0 584.0 car 0
288.0 732.0 306.0 732.0 306.0 754.0 288.0 754.0 car 0
362.0 708.0 379.0 708.0 379.0 736.0 362.0 736.0 car 0
323.0 519.0 342.0 519.0 342.0 543.0 323.0 543.0 car 0
294.0 498.0 309.0 498.0 309.0 517.0 294.0 517.0 car 0
320.0 412.0 335.0 412.0 335.0 430.0 320.0 430.0 car 0
354.0 403.0 369.0 403.0 369.0 429.0 354.0 429.0 car 0
335.0 362.0 349.0 362.0 349.0 379.0 335.0 379.0 car 0
319.0 278.0 331.0 278.0 331.0 292.0 319.0 292.0 car 0
370.0 185.0 386.0 185.0 386.0 200.0 370.0 200.0 car 0
400.0 170.0 405.0 170.0 405.0 175.0 400.0 175.0 people 0
294.0 106.0 305.0 106.0 305.0 121.0 294.0 121.0 car 0
175.0 23.0 185.0 23.0 185.0 36.0 175.0 36.0 car 0
172.0 56.0 182.0 56.0 182.0 66.0 172.0 66.0 car 0
168.0 97.0 180.0 97.0 180.0 105.0 168.0 105.0 car 0
155.0 209.0 165.0 209.0 165.0 221.0 155.0 221.0 car 0
153.0 237.0 166.0 237.0 166.0 256.0 153.0 256.0 car 0
147.0 306.0 162.0 306.0 162.0 323.0 147.0 323.0 car 0
214.0 0.0 273.0 5.0 257.0 159.0 199.0 154.0 ignored 0
215.0 197.0 236.0 197.0 236.0 238.0 215.0 238.0 truck 0
192.0 224.0 206.0 224.0 206.0 241.0 192.0 241.0 car 0
212.0 268.0 226.0 268.0 226.0 285.0 212.0 285.0 car 0
235.0 274.0 253.0 274.0 253.0 321.0 235.0 321.0 truck 0
213.0 295.0 226.0 295.0 226.0 315.0 213.0 315.0 truck 0
187.0 289.0 200.0 289.0 200.0 302.0 187.0 302.0 car 0
188.0 313.0 200.0 313.0 200.0 329.0 188.0 329.0 car 0
208.0 350.0 218.0 350.0 218.0 362.0 208.0 362.0 car 0
159.0 379.0 172.0 379.0 172.0 398.0 159.0 398.0 car 0
227.0 421.0 243.0 421.0 243.0 438.0 227.0 438.0 car 0
189.0 476.0 176.0 478.0 171.0 454.0 184.0 452.0 car 0
224.0 494.0 238.0 494.0 238.0 521.0 224.0 521.0 car 0
196.0 533.0 216.0 533.0 216.0 557.0 196.0 557.0 car 0
139.0 523.0 155.0 523.0 155.0 541.0 139.0 541.0 car 0
155.0 538.0 171.0 538.0 171.0 561.0 155.0 561.0 car 0
169.0 554.0 185.0 554.0 185.0 601.0 169.0 601.0 truck 0
132.0 595.0 146.0 595.0 146.0 620.0 132.0 620.0 car 0
210.0 654.0 197.0 657.0 192.0 632.0 205.0 629.0 car 0
176.0 674.0 190.0 674.0 190.0 714.0 176.0 714.0 truck 0
115.0 546.0 124.0 546.0 124.0 561.0 115.0 561.0 motor 0
125.0 718.0 143.0 718.0 143.0 747.0 125.0 747.0 car 0
128.0 759.0 144.0 759.0 144.0 787.0 128.0 787.0 car 0
118.0 796.0 135.0 796.0 135.0 828.0 118.0 828.0 car 0
156.0 818.0 176.0 818.0 176.0 844.0 156.0 844.0 car 0
195.0 803.0 215.0 803.0 215.0 829.0 195.0 829.0 car 0
141.0 870.0 161.0 870.0 161.0 896.0 141.0 896.0 car 0
106.0 908.0 126.0 908.0 126.0 934.0 106.0 934.0 car 0
104.0 845.0 124.0 848.0 119.0 885.0 100.0 883.0 truck 0
188.0 876.0 210.0 877.0 209.0 924.0 187.0 923.0 truck 0
87.0 922.0 119.0 923.0 116.0 992.0 85.0 992.0 truck 0
142.0 986.0 162.0 986.0 162.0 1023.0 142.0 1023.0 car 0
90.0 1001.0 109.0 1001.0 109.0 1039.0 90.0 1039.0 car 2
