-16.0 843.0 59.0 843.0 59.0 918.0 -16.0 918.0 car 2
54.0 820.0 140.0 820.0 140.0 909.0 54.0 909.0 car 0
253.0 903.0 188.0 948.0 114.0 839.0 179.0 795.0 car 0
329.0 883.0 278.0 925.0 192.0 822.0 243.0 780.0 car 0
413.0 875.0 355.0 924.0 267.0 818.0 324.0 770.0 car 0
509.0 882.0 451.0 932.0 363.0 827.0 421.0 778.0 car 0
607.0 879.0 549.0 929.0 461.0 824.0 519.0 775.0 car 0
781.0 861.0 711.0 908.0 646.0 811.0 716.0 765.0 car 0
689.0 963.0 513.0 981.0 504.0 894.0 681.0 876.0 car 0
591.0 1047.0 402.0 1066.0 395.0 995.0 584.0 976.0 car 2
963.0 765.0 1024.0 765.0 1024.0 832.0 963.0 832.0 car 0
84.0 883.0 114.0 883.0 114.0 951.0 84.0 951.0 people 0
9.0 973.0 43.0 973.0 43.0 1038.0 9.0 1038.0 people 2
