600.0 695.0 613.0 695.0 613.0 721.0 600.0 721.0 people 0
665.0 836.0 665.0 854.0 633.0 854.0 634.0 835.0 motor 0
656.0 917.0 655.0 931.0 626.0 931.0 627.0 916.0 motor 0
634.0 986.0 646.0 995.0 627.0 1023.0 615.0 1015.0 motor 0
828.0 601.0 827.0 630.0 813.0 630.0 814.0 600.0 motor 0
667.0 626.0 687.0 642.0 679.0 651.0 659.0 635.0 motor 0
665.0 614.0 694.0 616.0 693.0 632.0 664.0 631.0 motor 0
668.0 598.0 694.0 600.0 693.0 617.0 667.0 616.0 motor 0
698.0 590.0 668.0 590.0 668.0 571.0 697.0 570.0 motor 0
682.0 514.0 712.0 520.0 708.0 538.0 679.0 533.0 motor 0
1026.0 410.0 998.0 411.0 997.0 359.0 1025.0 358.0 car 2
902.0 224.0 875.0 227.0 871.0 176.0 898.0 174.0 car 0
810.0 167.0 804.0 200.0 730.0 185.0 737.0 152.0 car 0
798.0 191.0 809.0 220.0 740.0 247.0 729.0 218.0 car 0
796.0 270.0 813.0 301.0 752.0 336.0 734.0 305.0 car 0
811.0 218.0 828.0 248.0 764.0 283.0 748.0 254.0 car 0
714.0 254.0 741.0 256.0 739.0 274.0 712.0 272.0 motor 0
726.0 355.0 704.0 358.0 702.0 339.0 724.0 337.0 motor 0
729.0 331.0 701.0 333.0 699.0 311.0 726.0 308.0 motor 0
736.0 300.0 708.0 302.0 706.0 280.0 733.0 277.0 motor 0
722.0 375.0 710.0 375.0 709.0 356.0 722.0 356.0 motor 0
712.0 503.0 681.0 509.0 677.0 489.0 707.0 482.0 motor 0
794.0 81.0 816.0 103.0 775.0 144.0 753.0 123.0 car 0
774.0 64.0 795.0 85.0 757.0 124.0 735.0 103.0 car 0
793.0 26.0 814.0 47.0 776.0 86.0 754.0 65.0 car 0
777.0 12.0 794.0 29.0 755.0 68.0 737.0 50.0 car 0
710.0 30.0 716.0 30.0 715.0 44.0 709.0 43.0 people 0
828.0 43.0 817.0 47.0 809.0 27.0 820.0 22.0 motor 0
825.0 34.0 814.0 39.0 810.0 27.0 820.0 22.0 people 0
