59.0 286.0 81.0 286.0 81.0 310.0 59.0 310.0 people 0
125.0 241.0 134.0 241.0 134.0 259.0 125.0 259.0 people 0
202.0 532.0 216.0 532.0 216.0 555.0 202.0 555.0 people 0
386.0 603.0 404.0 603.0 404.0 635.0 386.0 635.0 people 0
158.0 578.0 171.0 578.0 171.0 600.0 158.0 600.0 people 0
183.0 546.0 200.0 546.0 200.0 579.0 183.0 579.0 people 0
408.0 528.0 428.0 528.0 428.0 543.0 408.0 543.0 people 0
420.0 576.0 437.0 576.0 437.0 608.0 420.0 608.0 people 0
451.0 581.0 467.0 581.0 467.0 608.0 451.0 608.0 people 0
807.0 417.0 820.0 417.0 820.0 444.0 807.0 444.0 people 0
798.0 484.0 812.0 484.0 812.0 517.0 798.0 517.0 people 0
628.0 597.0 642.0 597.0 642.0 628.0 628.0 628.0 people 0
662.0 625.0 675.0 625.0 675.0 655.0 662.0 655.0 people 0
719.0 588.0 731.0 588.0 731.0 616.0 719.0 616.0 people 0
751.0 580.0 765.0 580.0 765.0 601.0 751.0 601.0 people 0
952.0 462.0 969.0 462.0 969.0 484.0 952.0 484.0 bicycle 0
932.0 815.0 948.0 815.0 948.0 843.0 932.0 843.0 people 0
494.0 776.0 517.0 776.0 517.0 815.0 494.0 815.0 people 0
405.0 870.0 427.0 870.0 427.0 910.0 405.0 910.0 people 0
398.0 908.0 413.0 908.0 413.0 932.0 398.0 932.0 people 0
731.0 478.0 740.0 478.0 740.0 508.0 731.0 508.0 people 0
709.0 429.0 724.0 429.0 724.0 467.0 709.0 467.0 people 0
576.0 406.0 588.0 406.0 588.0 438.0 576.0 438.0 people 0
650.0 414.0 672.0 414.0 672.0 450.0 650.0 450.0 people 0
679.0 356.0 698.0 356.0 698.0 379.0 679.0 379.0 people 0
556.0 362.0 569.0 362.0 569.0 393.0 556.0 393.0 people 0
492.0 352.0 508.0 352.0 508.0 380.0 492.0 380.0 people 0
707.0 366.0 719.0 366.0 719.0 382.0 707.0 382.0 people 0
836.0 325.0 857.0 325.0 857.0 364.0 836.0 364.0 people 0
865.0 336.0 886.0 336.0 886.0 364.0 865.0 364.0 people 0
498.0 337.0 506.0 337.0 506.0 355.0 498.0 355.0 people 0
511.0 330.0 522.0 330.0 522.0 356.0 511.0 356.0 people 0
535.0 342.0 543.0 342.0 543.0 357.0 535.0 357.0 people 0
539.0 359.0 548.0 359.0 548.0 372.0 539.0 372.0 people 0
549.0 328.0 561.0 328.0 561.0 340.0 549.0 340.0 people 0
466.0 251.0 473.0 251.0 473.0 271.0 466.0 271.0 people 0
421.0 305.0 434.0 305.0 434.0 329.0 421.0 329.0 people 0
432.0 312.0 448.0 312.0 448.0 325.0 432.0 325.0 people 0
454.0 249.0 465.0 249.0 465.0 274.0 454.0 274.0 people 0
430.0 258.0 445.0 258.0 445.0 286.0 430.0 286.0 people 0
453.0 185.0 466.0 185.0 466.0 204.0 453.0 204.0 people 0
560.0 253.0 568.0 253.0 568.0 278.0 560.0 278.0 people 0
503.0 258.0 511.0 258.0 511.0 279.0 503.0 279.0 people 0
574.0 264.0 583.0 264.0 583.0 287.0 574.0 287.0 people 0
605.0 271.0 615.0 271.0 615.0 300.0 605.0 300.0 people 0
593.0 258.0 606.0 258.0 606.0 280.0 593.0 280.0 people 0
518.0 262.0 530.0 262.0 530.0 284.0 518.0 284.0 people 0
512.0 239.0 523.0 239.0 523.0 261.0 512.0 261.0 people 0
685.0 246.0 698.0 246.0 698.0 273.0 685.0 273.0 people 0
619.0 290.0 634.0 290.0 634.0 304.0 619.0 304.0 people 0
800.0 298.0 809.0 298.0 809.0 323.0 800.0 323.0 people 0
776.0 300.0 790.0 300.0 790.0 322.0 776.0 322.0 people 0
806.0 252.0 817.0 252.0 817.0 272.0 806.0 272.0 people 0
850.0 286.0 864.0 286.0 864.0 312.0 850.0 312.0 people 0
875.0 282.0 886.0 282.0 886.0 306.0 875.0 306.0 people 0
779.0 286.0 791.0 286.0 791.0 299.0 779.0 299.0 people 0
887.0 278.0 897.0 278.0 897.0 299.0 887.0 299.0 people 0
950.0 286.0 959.0 286.0 959.0 302.0 950.0 302.0 people 0
883.0 91.0 893.0 91.0 893.0 113.0 883.0 113.0 people 0
797.0 105.0 807.0 105.0 807.0 128.0 797.0 128.0 people 0
824.0 153.0 835.0 153.0 835.0 173.0 824.0 173.0 people 0
1007.0 107.0 1016.0 107.0 1016.0 128.0 1007.0 128.0 people 0
836.0 120.0 847.0 120.0 847.0 137.0 836.0 137.0 people 0
776.0 75.0 785.0 75.0 785.0 98.0 776.0 98.0 people 0
957.0 243.0 966.0 243.0 966.0 266.0 957.0 266.0 ignored 0
971.0 262.0 984.0 262.0 984.0 289.0 971.0 289.0 people 0
862.0 110.0 873.0 110.0 873.0 125.0 862.0 125.0 people 0
841.0 153.0 853.0 153.0 853.0 168.0 841.0 168.0 people 0
898.0 104.0 908.0 104.0 908.0 124.0 898.0 124.0 people 0
740.0 114.0 750.0 114.0 750.0 128.0 740.0 128.0 people 0
748.0 107.0 756.0 107.0 756.0 128.0 748.0 128.0 people 0
741.0 156.0 751.0 156.0 751.0 171.0 741.0 171.0 people 0
633.0 149.0 641.0 149.0 641.0 170.0 633.0 170.0 people 0
612.0 149.0 622.0 149.0 622.0 172.0 612.0 172.0 people 0
651.0 168.0 661.0 168.0 661.0 190.0 651.0 190.0 people 0
607.0 218.0 618.0 218.0 618.0 244.0 607.0 244.0 people 0
493.0 165.0 502.0 165.0 502.0 187.0 493.0 187.0 people 0
505.0 143.0 514.0 143.0 514.0 168.0 505.0 168.0 people 0
610.0 174.0 620.0 174.0 620.0 195.0 610.0 195.0 people 0
612.0 246.0 622.0 246.0 622.0 270.0 612.0 270.0 people 0
638.0 179.0 646.0 179.0 646.0 201.0 638.0 201.0 people 0
638.0 113.0 644.0 113.0 644.0 133.0 638.0 133.0 people 0
494.0 96.0 502.0 96.0 502.0 112.0 494.0 112.0 people 0
503.0 98.0 513.0 98.0 513.0 112.0 503.0 112.0 people 0
467.0 93.0 476.0 93.0 476.0 112.0 467.0 112.0 people 0
965.0 198.0 975.0 198.0 975.0 224.0 965.0 224.0 people 0
885.0 69.0 894.0 69.0 894.0 84.0 885.0 84.0 people 0
786.0 81.0 797.0 81.0 797.0 101.0 786.0 101.0 people 0
802.0 82.0 812.0 82.0 812.0 101.0 802.0 101.0 people 0
840.0 104.0 851.0 104.0 851.0 126.0 840.0 126.0 people 0
1005.0 93.0 1018.0 93.0 1018.0 110.0 1005.0 110.0 people 0
946.0 98.0 953.0 98.0 953.0 115.0 946.0 115.0 people 0
892.0 135.0 901.0 135.0 901.0 152.0 892.0 152.0 people 0
937.0 257.0 950.0 257.0 950.0 282.0 937.0 282.0 people 0
702.0 227.0 719.0 227.0 719.0 252.0 702.0 252.0 people 0
840.0 263.0 853.0 263.0 853.0 281.0 840.0 281.0 people 0
961.0 289.0 972.0 289.0 972.0 302.0 961.0 302.0 people 0
812.0 157.0 819.0 157.0 819.0 168.0 812.0 168.0 people 0
724.0 240.0 735.0 240.0 735.0 264.0 724.0 264.0 people 0
519.0 143.0 532.0 143.0 532.0 163.0 519.0 163.0 people 0
514.0 185.0 524.0 185.0 524.0 202.0 514.0 202.0 people 0
716.0 1.0 723.0 1.0 723.0 13.0 716.0 13.0 people 0
691.0 107.0 701.0 107.0 701.0 125.0 691.0 125.0 people 0
601.0 149.0 610.0 149.0 610.0 169.0 601.0 169.0 people 0
700.0 4.0 706.0 4.0 706.0 17.0 700.0 17.0 people 0
711.0 2.0 716.0 2.0 716.0 14.0 711.0 14.0 people 0
657.0 81.0 666.0 81.0 666.0 96.0 657.0 96.0 people 0
645.0 94.0 651.0 94.0 651.0 110.0 645.0 110.0 people 0
638.0 95.0 644.0 95.0 644.0 111.0 638.0 111.0 people 0
559.0 82.0 569.0 82.0 569.0 99.0 559.0 99.0 people 0
839.0 61.0 850.0 61.0 850.0 74.0 839.0 74.0 people 0
689.0 74.0 697.0 74.0 697.0 93.0 689.0 93.0 people 0
836.0 89.0 847.0 89.0 847.0 102.0 836.0 102.0 people 0
860.0 9.0 872.0 9.0 872.0 25.0 860.0 25.0 people 0
958.0 97.0 971.0 97.0 971.0 115.0 958.0 115.0 people 0
731.0 151.0 739.0 151.0 739.0 167.0 731.0 167.0 people 0
847.0 234.0 857.0 234.0 857.0 249.0 847.0 249.0 people 0
851.0 245.0 859.0 245.0 859.0 266.0 851.0 266.0 people 0
372.0 173.0 385.0 173.0 385.0 196.0 372.0 196.0 people 0
733.0 195.0 741.0 195.0 741.0 209.0 733.0 209.0 people 0
828.0 226.0 842.0 226.0 842.0 243.0 828.0 243.0 people 0
708.0 248.0 722.0 248.0 722.0 267.0 708.0 267.0 people 0
988.0 257.0 1003.0 257.0 1003.0 272.0 988.0 272.0 people 0
857.0 125.0 865.0 125.0 865.0 143.0 857.0 143.0 people 0
858.0 154.0 868.0 154.0 868.0 165.0 858.0 165.0 people 0
1010.0 157.0 1019.0 157.0 1019.0 182.0 1010.0 182.0 people 0
