55.0 243.0 11.0 262.0 2.0 239.0 46.0 221.0 ignored 0
42.0 262.0 50.0 262.0 50.0 278.0 42.0 278.0 people 0
52.0 264.0 63.0 264.0 63.0 281.0 52.0 281.0 people 0
134.0 949.0 143.0 949.0 143.0 969.0 134.0 969.0 people 0
148.0 969.0 163.0 969.0 163.0 982.0 148.0 982.0 people 0
214.0 997.0 224.0 997.0 224.0 1025.0 214.0 1025.0 people 2
109.0 722.0 121.0 722.0 121.0 753.0 109.0 753.0 people 0
56.0 503.0 66.0 503.0 66.0 527.0 56.0 527.0 people 0
20.0 499.0 26.0 499.0 26.0 518.0 20.0 518.0 people 0
53.0 469.0 62.0 469.0 62.0 487.0 53.0 487.0 people 0
140.0 509.0 170.0 509.0 170.0 535.0 140.0 535.0 ignored 0
102.0 558.0 113.0 558.0 113.0 572.0 102.0 572.0 people 0
41.0 423.0 50.0 423.0 50.0 450.0 41.0 450.0 people 0
56.0 436.0 69.0 436.0 69.0 452.0 56.0 452.0 people 0
34.0 342.0 72.0 350.0 68.0 371.0 30.0 363.0 ignored 0
72.0 299.0 110.0 299.0 110.0 318.0 72.0 318.0 ignored 0
100.0 188.0 110.0 188.0 110.0 208.0 100.0 208.0 people 0
124.0 191.0 133.0 191.0 133.0 211.0 124.0 211.0 people 0
329.0 949.0 343.0 950.0 340.0 981.0 326.0 980.0 people 0
348.0 951.0 361.0 952.0 359.0 973.0 346.0 972.0 people 0
625.0 860.0 638.0 863.0 632.0 892.0 618.0 888.0 people 0
607.0 851.0 620.0 854.0 614.0 883.0 600.0 879.0 people 0
393.0 801.0 404.0 803.0 397.0 830.0 387.0 827.0 people 0
581.0 836.0 594.0 839.0 588.0 868.0 574.0 864.0 people 0
753.0 917.0 766.0 920.0 761.0 940.0 748.0 937.0 people 0
818.0 805.0 830.0 808.0 823.0 833.0 812.0 831.0 people 0
904.0 805.0 916.0 808.0 911.0 834.0 898.0 831.0 people 0
860.0 802.0 870.0 804.0 866.0 825.0 855.0 823.0 people 0
863.0 779.0 873.0 782.0 869.0 804.0 859.0 802.0 people 0
924.0 818.0 934.0 819.0 930.0 842.0 920.0 841.0 people 0
956.0 863.0 966.0 864.0 962.0 887.0 952.0 886.0 people 0
946.0 830.0 956.0 831.0 952.0 854.0 942.0 853.0 people 0
938.0 836.0 946.0 837.0 942.0 859.0 934.0 858.0 people 0
1003.0 888.0 1017.0 890.0 1011.0 921.0 998.0 919.0 people 0
976.0 889.0 995.0 889.0 995.0 923.0 976.0 923.0 ignored 0
840.0 705.0 852.0 708.0 847.0 734.0 834.0 731.0 people 0
850.0 696.0 864.0 699.0 860.0 720.0 845.0 717.0 people 0
869.0 692.0 880.0 695.0 874.0 719.0 864.0 717.0 people 0
980.0 686.0 991.0 689.0 985.0 713.0 975.0 711.0 people 0
994.0 690.0 1005.0 691.0 1003.0 716.0 992.0 715.0 people 0
877.0 525.0 883.0 525.0 883.0 544.0 877.0 544.0 people 0
884.0 527.0 893.0 527.0 893.0 549.0 884.0 549.0 people 0
960.0 17.0 966.0 18.0 965.0 38.0 959.0 37.0 people 0
128.0 125.0 135.0 125.0 135.0 145.0 128.0 145.0 people 0
130.0 294.0 193.0 294.0 193.0 323.0 130.0 323.0 ignored 0
90.0 346.0 105.0 349.0 100.0 373.0 85.0 370.0 ignored 0
209.0 469.0 217.0 469.0 217.0 490.0 209.0 490.0 people 0
223.0 467.0 230.0 467.0 230.0 488.0 223.0 488.0 people 0
384.0 684.0 394.0 684.0 394.0 711.0 384.0 711.0 people 0
225.0 488.0 232.0 489.0 227.0 516.0 220.0 514.0 people 0
174.0 544.0 181.0 544.0 181.0 571.0 174.0 571.0 people 0
397.0 690.0 407.0 690.0 407.0 717.0 397.0 717.0 people 0
405.0 670.0 417.0 670.0 417.0 696.0 405.0 696.0 people 0
232.0 683.0 240.0 683.0 240.0 695.0 232.0 695.0 people 0
237.0 698.0 247.0 698.0 247.0 723.0 237.0 723.0 people 0
268.0 633.0 246.0 634.0 245.0 587.0 267.0 586.0 ignored 0
142.0 596.0 131.0 597.0 130.0 572.0 141.0 571.0 people 0
176.0 569.0 184.0 569.0 184.0 586.0 176.0 586.0 people 0
196.0 550.0 190.0 551.0 189.0 528.0 195.0 527.0 people 0
184.0 534.0 192.0 535.0 191.0 551.0 183.0 551.0 people 0
455.0 246.0 462.0 246.0 462.0 269.0 455.0 269.0 people 0
432.0 85.0 437.0 85.0 437.0 110.0 432.0 110.0 people 0
414.0 70.0 423.0 70.0 423.0 97.0 414.0 97.0 people 0
376.0 118.0 367.0 124.0 356.0 106.0 365.0 100.0 bicycle 0
364.0 97.0 374.0 97.0 374.0 114.0 364.0 114.0 people 0
329.0 86.0 337.0 86.0 337.0 109.0 329.0 109.0 people 0
445.0 -3.0 511.0 -3.0 511.0 16.0 445.0 16.0 ignored 2
476.0 114.0 482.0 114.0 482.0 133.0 476.0 133.0 people 0
484.0 118.0 488.0 118.0 488.0 131.0 484.0 131.0 people 0
484.0 128.0 491.0 128.0 491.0 147.0 484.0 147.0 people 0
494.0 122.0 501.0 122.0 501.0 143.0 494.0 143.0 people 0
544.0 258.0 554.0 259.0 551.0 284.0 541.0 283.0 people 0
587.0 325.0 597.0 326.0 594.0 350.0 584.0 349.0 people 0
597.0 326.0 601.0 326.0 599.0 348.0 595.0 347.0 people 0
599.0 331.0 607.0 332.0 604.0 356.0 596.0 355.0 people 0
607.0 294.0 615.0 294.0 615.0 318.0 607.0 318.0 people 0
629.0 312.0 624.0 316.0 612.0 301.0 618.0 297.0 motor 0
633.0 446.0 643.0 447.0 640.0 472.0 630.0 471.0 people 0
553.0 678.0 568.0 679.0 565.0 716.0 550.0 715.0 ignored 0
659.0 453.0 669.0 454.0 668.0 478.0 658.0 477.0 people 0
708.0 425.0 715.0 426.0 714.0 445.0 707.0 445.0 people 0
713.0 451.0 721.0 452.0 720.0 475.0 712.0 474.0 people 0
732.0 484.0 740.0 485.0 739.0 508.0 731.0 507.0 people 0
718.0 447.0 726.0 448.0 725.0 471.0 717.0 470.0 people 0
720.0 476.0 728.0 477.0 727.0 500.0 719.0 499.0 people 0
758.0 396.0 768.0 397.0 767.0 421.0 757.0 420.0 people 0
752.0 346.0 762.0 347.0 759.0 371.0 749.0 370.0 people 0
678.0 328.0 688.0 329.0 685.0 353.0 675.0 352.0 people 0
665.0 356.0 679.0 358.0 677.0 379.0 662.0 378.0 people 0
681.0 251.0 691.0 252.0 689.0 276.0 678.0 275.0 people 0
710.0 233.0 720.0 234.0 717.0 259.0 707.0 257.0 people 0
646.0 227.0 637.0 228.0 635.0 207.0 644.0 206.0 people 0
711.0 212.0 720.0 216.0 713.0 239.0 703.0 236.0 people 0
628.0 230.0 635.0 230.0 635.0 250.0 628.0 250.0 people 0
604.0 245.0 610.0 245.0 610.0 256.0 604.0 256.0 people 0
655.0 203.0 663.0 203.0 663.0 220.0 655.0 220.0 people 0
678.0 216.0 684.0 216.0 684.0 234.0 678.0 234.0 people 0
673.0 231.0 682.0 232.0 680.0 252.0 671.0 251.0 people 0
704.0 220.0 693.0 227.0 678.0 199.0 689.0 192.0 ignored 0
752.0 236.0 761.0 236.0 761.0 255.0 752.0 255.0 people 0
765.0 234.0 775.0 234.0 775.0 254.0 765.0 254.0 people 0
873.0 302.0 803.0 304.0 801.0 271.0 872.0 268.0 car 0
887.0 399.0 832.0 404.0 829.0 373.0 884.0 368.0 tricycle 0
914.0 641.0 885.0 668.0 824.0 600.0 854.0 573.0 car 0
918.0 321.0 971.0 321.0 971.0 357.0 918.0 357.0 ignored 0
901.0 365.0 907.0 365.0 907.0 383.0 901.0 383.0 people 0
907.0 366.0 914.0 366.0 914.0 381.0 907.0 381.0 people 0
827.0 15.0 809.0 29.0 783.0 -5.0 802.0 -19.0 car 2
1007.0 65.0 981.0 77.0 963.0 37.0 990.0 26.0 car 0
1037.0 63.0 1014.0 77.0 991.0 37.0 1015.0 24.0 car 2
756.0 53.0 763.0 53.0 763.0 66.0 756.0 66.0 people 0
820.0 60.0 762.0 65.0 761.0 48.0 818.0 43.0 people 0
834.0 69.0 773.0 74.0 772.0 63.0 833.0 58.0 people 0
832.0 79.0 775.0 83.0 773.0 69.0 831.0 64.0 people 0
845.0 89.0 788.0 93.0 786.0 79.0 844.0 74.0 people 0
854.0 102.0 794.0 107.0 792.0 87.0 852.0 82.0 people 0
861.0 120.0 801.0 125.0 799.0 104.0 859.0 100.0 people 0
878.0 134.0 820.0 139.0 819.0 121.0 877.0 117.0 people 0
886.0 148.0 825.0 153.0 824.0 134.0 885.0 130.0 people 0
900.0 165.0 839.0 170.0 838.0 151.0 899.0 147.0 people 0
975.0 64.0 916.0 74.0 911.0 52.0 971.0 42.0 people 0
984.0 80.0 925.0 90.0 920.0 68.0 980.0 58.0 people 0
997.0 94.0 938.0 104.0 933.0 82.0 993.0 72.0 people 0
1013.0 117.0 945.0 123.0 943.0 96.0 1011.0 91.0 people 0
