630.0 982.0 650.0 982.0 650.0 1033.0 630.0 1033.0 people 2
647.0 990.0 664.0 990.0 664.0 1037.0 647.0 1037.0 people 2
602.0 900.0 609.0 900.0 609.0 947.0 602.0 947.0 people 0
584.0 898.0 597.0 898.0 597.0 943.0 584.0 943.0 people 0
255.0 938.0 272.0 938.0 272.0 987.0 255.0 987.0 people 0
510.0 1000.0 569.0 1000.0 569.0 1035.0 510.0 1035.0 bicycle 2
172.0 905.0 189.0 905.0 189.0 943.0 172.0 943.0 people 0
334.0 902.0 345.0 902.0 345.0 925.0 334.0 925.0 people 0
313.0 894.0 327.0 894.0 327.0 915.0 313.0 915.0 people 0
189.0 704.0 203.0 704.0 203.0 743.0 189.0 743.0 people 0
878.0 504.0 892.0 504.0 892.0 537.0 878.0 537.0 people 0
726.0 318.0 729.0 318.0 729.0 337.0 726.0 337.0 people 0
709.0 620.0 727.0 620.0 727.0 662.0 709.0 662.0 people 0
675.0 652.0 689.0 652.0 689.0 686.0 675.0 686.0 people 0
563.0 789.0 577.0 789.0 577.0 826.0 563.0 826.0 people 0
519.0 871.0 529.0 871.0 529.0 914.0 519.0 914.0 people 0
502.0 869.0 517.0 869.0 517.0 917.0 502.0 917.0 people 0
488.0 919.0 496.0 919.0 496.0 938.0 488.0 938.0 people 0
468.0 911.0 490.0 911.0 490.0 935.0 468.0 935.0 people 0
301.0 903.0 315.0 903.0 315.0 922.0 301.0 922.0 people 0
329.0 837.0 343.0 837.0 343.0 881.0 329.0 881.0 people 0
303.0 847.0 319.0 847.0 319.0 876.0 303.0 876.0 people 0
151.0 728.0 167.0 728.0 167.0 765.0 151.0 765.0 people 0
109.0 754.0 125.0 754.0 125.0 800.0 109.0 800.0 people 0
126.0 763.0 140.0 763.0 140.0 805.0 126.0 805.0 people 0
98.0 504.0 108.0 504.0 108.0 533.0 98.0 533.0 people 0
124.0 501.0 135.0 501.0 135.0 527.0 124.0 527.0 people 0
160.0 504.0 173.0 504.0 173.0 531.0 160.0 531.0 people 0
150.0 512.0 159.0 512.0 159.0 531.0 150.0 531.0 people 0
236.0 685.0 249.0 685.0 249.0 714.0 236.0 714.0 people 0
240.0 713.0 263.0 713.0 263.0 746.0 240.0 746.0 people 0
348.0 742.0 359.0 742.0 359.0 786.0 348.0 786.0 people 0
356.0 752.0 371.0 752.0 371.0 776.0 356.0 776.0 people 0
356.0 766.0 375.0 766.0 375.0 805.0 356.0 805.0 people 0
377.0 774.0 399.0 774.0 399.0 826.0 377.0 826.0 people 0
519.0 827.0 533.0 827.0 533.0 857.0 519.0 857.0 people 0
611.0 791.0 629.0 791.0 629.0 819.0 611.0 819.0 people 0
524.0 785.0 541.0 785.0 541.0 823.0 524.0 823.0 people 0
513.0 790.0 523.0 790.0 523.0 815.0 513.0 815.0 people 0
579.0 745.0 594.0 745.0 594.0 779.0 579.0 779.0 people 0
571.0 746.0 578.0 746.0 578.0 769.0 571.0 769.0 people 0
557.0 754.0 565.0 754.0 565.0 772.0 557.0 772.0 people 0
633.0 744.0 647.0 744.0 647.0 766.0 633.0 766.0 people 0
510.0 608.0 522.0 608.0 522.0 646.0 510.0 646.0 people 0
475.0 802.0 490.0 802.0 490.0 824.0 475.0 824.0 people 0
437.0 724.0 452.0 724.0 452.0 758.0 437.0 758.0 people 0
440.0 771.0 458.0 771.0 458.0 787.0 440.0 787.0 people 0
502.0 727.0 515.0 727.0 515.0 758.0 502.0 758.0 people 0
508.0 752.0 522.0 752.0 522.0 792.0 508.0 792.0 people 0
524.0 598.0 537.0 598.0 537.0 633.0 524.0 633.0 people 0
616.0 597.0 628.0 597.0 628.0 635.0 616.0 635.0 people 0
606.0 605.0 615.0 605.0 615.0 632.0 606.0 632.0 people 0
598.0 537.0 611.0 537.0 611.0 568.0 598.0 568.0 people 0
592.0 555.0 601.0 555.0 601.0 586.0 592.0 586.0 people 0
562.0 536.0 572.0 536.0 572.0 561.0 562.0 561.0 people 0
568.0 557.0 580.0 557.0 580.0 586.0 568.0 586.0 people 0
575.0 543.0 585.0 543.0 585.0 565.0 575.0 565.0 people 0
416.0 536.0 428.0 536.0 428.0 572.0 416.0 572.0 people 0
392.0 531.0 404.0 531.0 404.0 566.0 392.0 566.0 people 0
269.0 551.0 283.0 551.0 283.0 585.0 269.0 585.0 people 0
221.0 558.0 235.0 558.0 235.0 596.0 221.0 596.0 people 0
407.0 742.0 424.0 742.0 424.0 781.0 407.0 781.0 people 0
48.0 781.0 55.0 781.0 55.0 819.0 48.0 819.0 people 0
62.0 800.0 85.0 800.0 85.0 826.0 62.0 826.0 people 0
98.0 818.0 124.0 818.0 124.0 844.0 98.0 844.0 people 0
8.0 953.0 28.0 953.0 28.0 989.0 8.0 989.0 people 0
25.0 413.0 32.0 413.0 32.0 449.0 25.0 449.0 people 0
13.0 465.0 29.0 465.0 29.0 483.0 13.0 483.0 people 0
497.0 307.0 510.0 307.0 510.0 337.0 497.0 337.0 people 0
50.0 125.0 58.0 125.0 58.0 149.0 50.0 149.0 people 0
0.0 149.0 14.0 149.0 14.0 166.0 0.0 166.0 people 0
145.0 375.0 158.0 375.0 158.0 399.0 145.0 399.0 people 0
140.0 424.0 152.0 424.0 152.0 446.0 140.0 446.0 people 0
159.0 408.0 172.0 408.0 172.0 443.0 159.0 443.0 people 0
205.0 465.0 219.0 465.0 219.0 494.0 205.0 494.0 people 0
203.0 498.0 216.0 498.0 216.0 526.0 203.0 526.0 people 0
383.0 428.0 395.0 428.0 395.0 456.0 383.0 456.0 people 0
420.0 500.0 430.0 500.0 430.0 527.0 420.0 527.0 people 0
513.0 361.0 524.0 361.0 524.0 393.0 513.0 393.0 people 0
474.0 429.0 481.0 429.0 481.0 450.0 474.0 450.0 people 0
542.0 463.0 554.0 463.0 554.0 497.0 542.0 497.0 people 0
522.0 441.0 535.0 441.0 535.0 468.0 522.0 468.0 people 0
542.0 432.0 555.0 432.0 555.0 455.0 542.0 455.0 people 0
388.0 353.0 404.0 353.0 404.0 383.0 388.0 383.0 people 0
380.0 357.0 390.0 357.0 390.0 382.0 380.0 382.0 people 0
201.0 307.0 211.0 307.0 211.0 332.0 201.0 332.0 people 0
135.0 278.0 146.0 278.0 146.0 308.0 135.0 308.0 people 0
47.0 354.0 58.0 354.0 58.0 384.0 47.0 384.0 people 0
107.0 354.0 119.0 354.0 119.0 383.0 107.0 383.0 people 0
87.0 354.0 100.0 354.0 100.0 387.0 87.0 387.0 people 0
54.0 336.0 64.0 336.0 64.0 353.0 54.0 353.0 people 0
14.0 363.0 24.0 363.0 24.0 394.0 14.0 394.0 people 0
31.0 345.0 44.0 345.0 44.0 386.0 31.0 386.0 people 0
233.0 126.0 244.0 126.0 244.0 152.0 233.0 152.0 people 0
545.0 228.0 550.0 228.0 550.0 251.0 545.0 251.0 people 0
516.0 272.0 527.0 272.0 527.0 294.0 516.0 294.0 people 0
575.0 218.0 587.0 218.0 587.0 249.0 575.0 249.0 people 0
564.0 225.0 570.0 225.0 570.0 248.0 564.0 248.0 people 0
554.0 220.0 561.0 220.0 561.0 246.0 554.0 246.0 people 0
135.0 171.0 142.0 171.0 142.0 193.0 135.0 193.0 people 0
143.0 61.0 155.0 61.0 155.0 84.0 143.0 84.0 people 0
130.0 81.0 141.0 81.0 141.0 103.0 130.0 103.0 people 0
294.0 95.0 301.0 95.0 301.0 118.0 294.0 118.0 people 0
460.0 73.0 465.0 73.0 465.0 89.0 460.0 89.0 people 0
285.0 93.0 289.0 93.0 289.0 110.0 285.0 110.0 people 0
319.0 110.0 335.0 110.0 335.0 131.0 319.0 131.0 people 0
230.0 88.0 236.0 88.0 236.0 112.0 230.0 112.0 people 0
130.0 899.0 150.0 899.0 150.0 956.0 130.0 956.0 people 0
117.0 914.0 130.0 914.0 130.0 951.0 117.0 951.0 people 0
25.0 37.0 280.0 37.0 280.0 204.0 25.0 204.0 ignored 0
141.0 340.0 235.0 340.0 235.0 400.0 141.0 400.0 ignored 0
828.0 198.0 841.0 198.0 841.0 219.0 828.0 219.0 people 0
811.0 195.0 820.0 195.0 820.0 219.0 811.0 219.0 people 0
756.0 286.0 767.0 286.0 767.0 310.0 756.0 310.0 people 0
641.0 273.0 654.0 273.0 654.0 295.0 641.0 295.0 people 0
737.0 306.0 745.0 306.0 745.0 333.0 737.0 333.0 people 0
766.0 178.0 807.0 178.0 807.0 220.0 766.0 220.0 ignored 0
687.0 100.0 769.0 100.0 769.0 156.0 687.0 156.0 ignored 0
962.0 133.0 970.0 133.0 970.0 161.0 962.0 161.0 people 0
927.0 226.0 939.0 226.0 939.0 245.0 927.0 245.0 people 0
910.0 117.0 923.0 117.0 923.0 135.0 910.0 135.0 people 0
738.0 90.0 754.0 90.0 754.0 111.0 738.0 111.0 people 0
643.0 25.0 655.0 25.0 655.0 38.0 643.0 38.0 people 0
671.0 64.0 682.0 64.0 682.0 79.0 671.0 79.0 people 0
727.0 265.0 735.0 265.0 735.0 290.0 727.0 290.0 people 0
762.0 269.0 772.0 269.0 772.0 286.0 762.0 286.0 people 0
793.0 98.0 801.0 98.0 801.0 115.0 793.0 115.0 people 0
827.0 44.0 835.0 44.0 835.0 57.0 827.0 57.0 people 0
1008.0 33.0 1015.0 33.0 1015.0 49.0 1008.0 49.0 people 0
1017.0 35.0 1023.0 35.0 1023.0 50.0 1017.0 50.0 people 0
892.0 120.0 903.0 120.0 903.0 141.0 892.0 141.0 people 0
676.0 286.0 688.0 286.0 688.0 305.0 676.0 305.0 people 0
728.0 640.0 734.0 640.0 734.0 663.0 728.0 663.0 people 0
