263.0 897.0 271.0 897.0 271.0 916.0 263.0 916.0 motor 0
293.0 899.0 299.0 899.0 299.0 913.0 293.0 913.0 motor 0
292.0 876.0 301.0 876.0 301.0 886.0 292.0 886.0 motor 0
79.0 671.0 179.0 671.0 179.0 709.0 79.0 709.0 car 0
454.0 580.0 501.0 580.0 500.0 596.0 453.0 596.0 car 0
45.0 533.0 90.0 533.0 90.0 550.0 45.0 550.0 car 0
530.0 668.0 600.0 668.0 600.0 704.0 530.0 704.0 truck 0
676.0 541.0 834.0 550.0 832.0 592.0 673.0 582.0 truck 0
661.0 570.0 703.0 570.0 702.0 586.0 660.0 585.0 car 0
927.0 584.0 976.0 585.0 975.0 603.0 926.0 601.0 car 0
841.0 734.0 907.0 736.0 906.0 755.0 840.0 753.0 car 0
189.0 616.0 198.0 616.0 198.0 631.0 189.0 631.0 motor 0
86.0 596.0 94.0 596.0 94.0 611.0 86.0 611.0 motor 0
104.0 597.0 113.0 597.0 113.0 610.0 104.0 610.0 motor 0
86.0 490.0 95.0 490.0 95.0 503.0 86.0 503.0 motor 0
107.0 490.0 114.0 490.0 114.0 502.0 107.0 502.0 motor 0
136.0 473.0 153.0 473.0 153.0 488.0 136.0 488.0 car 0
89.0 438.0 104.0 438.0 104.0 452.0 89.0 452.0 car 0
89.0 407.0 103.0 407.0 103.0 421.0 89.0 421.0 car 0
7.0 488.0 24.0 488.0 24.0 507.0 7.0 507.0 car 0
58.0 457.0 77.0 457.0 77.0 479.0 58.0 479.0 car 0
58.0 482.0 75.0 482.0 75.0 506.0 58.0 506.0 car 0
33.0 479.0 49.0 479.0 49.0 496.0 33.0 496.0 car 0
91.0 365.0 105.0 365.0 105.0 377.0 91.0 377.0 car 0
34.0 495.0 51.0 495.0 51.0 512.0 34.0 512.0 car 0
100.0 337.0 114.0 337.0 114.0 351.0 100.0 351.0 car 0
79.0 345.0 94.0 345.0 94.0 357.0 79.0 357.0 car 0
74.0 310.0 88.0 310.0 88.0 322.0 74.0 322.0 car 0
34.0 330.0 48.0 330.0 48.0 343.0 34.0 343.0 car 0
-2.0 327.0 2.0 327.0 2.0 336.0 -2.0 336.0 people 2
75.0 276.0 89.0 276.0 89.0 290.0 75.0 290.0 truck 0
30.0 296.0 44.0 296.0 44.0 308.0 30.0 308.0 car 0
95.0 295.0 101.0 295.0 101.0 306.0 95.0 306.0 people 0
27.0 232.0 33.0 232.0 33.0 239.0 27.0 239.0 motor 0
37.0 232.0 42.0 232.0 42.0 238.0 37.0 238.0 motor 0
43.0 232.0 47.0 232.0 47.0 240.0 43.0 240.0 motor 0
73.0 159.0 82.0 159.0 82.0 168.0 73.0 168.0 car 0
67.0 180.0 80.0 180.0 80.0 192.0 67.0 192.0 car 0
48.0 183.0 64.0 183.0 64.0 195.0 48.0 195.0 car 0
47.0 196.0 63.0 196.0 63.0 209.0 47.0 209.0 car 0
36.0 165.0 48.0 165.0 48.0 176.0 36.0 176.0 car 0
38.0 153.0 50.0 153.0 50.0 164.0 38.0 164.0 car 0
65.0 100.0 77.0 100.0 77.0 111.0 65.0 111.0 car 0
38.0 139.0 52.0 139.0 52.0 152.0 38.0 152.0 car 0
64.0 70.0 75.0 70.0 75.0 80.0 64.0 80.0 car 0
65.0 23.0 75.0 23.0 75.0 31.0 65.0 31.0 car 0
52.0 49.0 63.0 49.0 63.0 59.0 52.0 59.0 car 0
79.0 74.0 95.0 74.0 95.0 88.0 79.0 88.0 truck 0
51.0 61.0 63.0 61.0 63.0 73.0 51.0 73.0 car 0
371.0 486.0 348.0 493.0 344.0 477.0 367.0 470.0 car 0
545.0 488.0 585.0 492.0 583.0 510.0 543.0 505.0 car 0
