894.0 107.0 921.0 107.0 921.0 119.0 894.0 119.0 car 0
1007.0 111.0 983.0 113.0 982.0 99.0 1005.0 97.0 car 0
884.0 122.0 869.0 123.0 868.0 109.0 884.0 109.0 car 0
868.0 126.0 886.0 126.0 886.0 137.0 868.0 137.0 car 0
872.0 135.0 889.0 135.0 889.0 146.0 872.0 146.0 car 0
891.0 145.0 921.0 145.0 921.0 156.0 891.0 156.0 car 0
970.0 152.0 940.0 153.0 939.0 142.0 969.0 141.0 car 0
1014.0 148.0 984.0 149.0 983.0 138.0 1013.0 137.0 car 0
957.0 54.0 964.0 54.0 964.0 66.0 957.0 66.0 people 0
952.0 66.0 957.0 66.0 957.0 74.0 952.0 74.0 people 0
947.0 67.0 953.0 67.0 953.0 76.0 947.0 76.0 people 0
940.0 72.0 946.0 72.0 946.0 80.0 940.0 80.0 people 0
912.0 95.0 905.0 96.0 904.0 89.0 911.0 88.0 people 0
901.0 99.0 907.0 99.0 907.0 106.0 901.0 106.0 people 0
895.0 99.0 899.0 99.0 899.0 107.0 895.0 107.0 people 0
916.0 95.0 921.0 95.0 921.0 103.0 916.0 103.0 people 0
967.0 96.0 927.0 103.0 924.0 91.0 965.0 84.0 ignored 0
910.0 129.0 879.0 132.0 878.0 122.0 909.0 119.0 car 0
935.0 131.0 905.0 135.0 904.0 125.0 934.0 121.0 car 0
928.0 142.0 890.0 145.0 889.0 133.0 926.0 130.0 car 0
973.0 140.0 931.0 142.0 931.0 129.0 972.0 126.0 car 0
1021.0 137.0 979.0 139.0 979.0 126.0 1020.0 123.0 car 0
961.0 125.0 922.0 128.0 921.0 116.0 960.0 113.0 car 0
1000.0 122.0 966.0 125.0 965.0 113.0 999.0 111.0 car 0
972.0 117.0 942.0 118.0 941.0 105.0 971.0 103.0 car 0
429.0 609.0 349.0 616.0 346.0 586.0 425.0 579.0 car 0
