113.0 28.0 83.0 35.0 72.0 -18.0 103.0 -25.0 traffic-sign 2
90.0 260.0 6.0 286.0 -3.0 254.0 80.0 228.0 motor 2
168.0 474.0 70.0 504.0 60.0 471.0 158.0 441.0 motor 0
120.0 599.0 223.0 599.0 223.0 633.0 120.0 633.0 motor 0
402.0 623.0 306.0 675.0 288.0 642.0 384.0 590.0 motor 0
37.0 921.0 71.0 1009.0 39.0 1022.0 4.0 934.0 motor 0
139.0 486.0 101.0 498.0 86.0 451.0 124.0 439.0 people 0
61.0 271.0 22.0 283.0 10.0 242.0 49.0 230.0 people 0
153.0 596.0 194.0 596.0 194.0 638.0 153.0 638.0 people 0
362.0 643.0 329.0 666.0 305.0 631.0 338.0 608.0 people 0
981.0 708.0 973.0 758.0 934.0 751.0 943.0 701.0 people 0
925.0 706.0 1016.0 724.0 1009.0 755.0 919.0 737.0 motor 0
999.0 804.0 934.0 859.0 914.0 835.0 979.0 780.0 motor 0
992.0 494.0 996.0 546.0 930.0 551.0 926.0 499.0 people 0
1018.0 527.0 919.0 547.0 914.0 525.0 1013.0 505.0 motor 0
985.0 557.0 987.0 596.0 939.0 600.0 936.0 561.0 people 0
884.0 575.0 750.0 617.0 720.0 522.0 855.0 480.0 traffic-light 0
737.0 605.0 674.0 611.0 648.0 351.0 711.0 345.0 traffic-light 0
