798.0 880.0 833.0 916.0 821.0 928.0 786.0 892.0 motor 0
513.0 -23.0 533.0 -15.0 510.0 41.0 489.0 32.0 motor 2
496.0 7.0 518.0 14.0 513.0 30.0 491.0 23.0 people 0
102.0 276.0 161.0 288.0 157.0 305.0 98.0 293.0 motor 0
154.0 327.0 98.0 350.0 91.0 334.0 147.0 311.0 motor 0
91.0 375.0 151.0 381.0 149.0 398.0 90.0 392.0 motor 0
530.0 342.0 474.0 347.0 473.0 332.0 529.0 326.0 motor 0
551.0 449.0 495.0 454.0 494.0 439.0 550.0 433.0 motor 0
637.0 410.0 591.0 457.0 573.0 439.0 619.0 391.0 motor 0
125.0 273.0 148.0 278.0 143.0 304.0 120.0 299.0 people 0
132.0 343.0 110.0 352.0 100.0 328.0 121.0 319.0 people 0
112.0 373.0 134.0 379.0 126.0 404.0 104.0 398.0 people 0
514.0 348.0 491.0 351.0 488.0 325.0 511.0 322.0 people 0
534.0 455.0 511.0 458.0 508.0 432.0 531.0 429.0 people 0
619.0 428.0 605.0 446.0 585.0 429.0 599.0 411.0 people 0
214.0 0.0 272.0 0.0 272.0 137.0 214.0 137.0 car 0
308.0 -15.0 369.0 -15.0 369.0 114.0 308.0 114.0 car 2
494.0 266.0 511.0 266.0 511.0 289.0 494.0 289.0 people 0
498.0 645.0 521.0 670.0 507.0 684.0 483.0 659.0 traffic-light 0
379.0 573.0 440.0 573.0 440.0 715.0 379.0 715.0 car 0
-17.0 644.0 48.0 644.0 48.0 793.0 -17.0 793.0 car 2
99.0 227.0 135.0 227.0 135.0 242.0 99.0 242.0 traffic-light 0
529.0 694.0 541.0 694.0 541.0 714.0 529.0 714.0 traffic-sign 0
916.0 138.0 1056.0 197.0 1030.0 257.0 891.0 198.0 car 2
