689.0 836.0 637.0 852.0 604.0 747.0 657.0 731.0 tricycle 0
457.0 196.0 589.0 196.0 589.0 236.0 457.0 236.0 car 0
286.0 153.0 301.0 153.0 301.0 186.0 286.0 186.0 traffic-light 0
337.0 166.0 352.0 166.0 352.0 199.0 337.0 199.0 traffic-light 0
251.0 64.0 266.0 64.0 266.0 97.0 251.0 97.0 traffic-light 0
406.0 68.0 424.0 68.0 424.0 106.0 406.0 106.0 traffic-light 0
467.0 63.0 485.0 63.0 485.0 101.0 467.0 101.0 traffic-light 0
470.0 0.0 485.0 0.0 485.0 30.0 470.0 30.0 traffic-light 0
524.0 0.0 539.0 0.0 539.0 30.0 524.0 30.0 traffic-light 0
620.0 47.0 635.0 47.0 635.0 77.0 620.0 77.0 traffic-light 0
615.0 10.0 630.0 10.0 630.0 40.0 615.0 40.0 traffic-light 0
734.0 18.0 749.0 18.0 749.0 48.0 734.0 48.0 traffic-light 0
876.0 138.0 891.0 138.0 891.0 168.0 876.0 168.0 traffic-light 0
748.0 30.0 763.0 30.0 763.0 60.0 748.0 60.0 traffic-light 0
751.0 61.0 766.0 61.0 766.0 91.0 751.0 91.0 traffic-light 0
783.0 37.0 798.0 37.0 798.0 67.0 783.0 67.0 traffic-light 0
875.0 94.0 890.0 94.0 890.0 124.0 875.0 124.0 traffic-light 0
786.0 137.0 801.0 137.0 801.0 167.0 786.0 167.0 traffic-light 0
747.0 184.0 764.0 184.0 764.0 229.0 747.0 229.0 people 0
701.0 98.0 716.0 98.0 716.0 134.0 701.0 134.0 people 0
731.0 99.0 746.0 99.0 746.0 135.0 731.0 135.0 people 0
736.0 99.0 751.0 99.0 751.0 135.0 736.0 135.0 people 0
744.0 100.0 759.0 100.0 759.0 136.0 744.0 136.0 people 0
326.0 91.0 285.0 99.0 277.0 63.0 318.0 55.0 car 0
385.0 93.0 342.0 101.0 332.0 52.0 376.0 43.0 car 0
563.0 48.0 522.0 56.0 514.0 20.0 555.0 12.0 car 0
237.0 45.0 200.0 61.0 185.0 24.0 222.0 9.0 car 0
240.0 36.0 203.0 51.0 188.0 15.0 225.0 0.0 car 0
