69.0 111.0 48.0 112.0 47.0 103.0 68.0 102.0 car 0
203.0 8.0 213.0 9.0 212.0 22.0 202.0 21.0 car 0
217.0 65.0 230.0 65.0 230.0 78.0 217.0 78.0 car 0
272.0 16.0 281.0 16.0 281.0 27.0 272.0 27.0 car 0
289.0 42.0 298.0 42.0 298.0 51.0 289.0 51.0 car 0
251.0 111.0 242.0 112.0 239.0 96.0 248.0 95.0 car 0
272.0 133.0 259.0 137.0 255.0 122.0 268.0 118.0 car 0
328.0 89.0 338.0 89.0 338.0 103.0 328.0 103.0 car 0
346.0 197.0 335.0 210.0 321.0 198.0 333.0 185.0 car 0
374.0 211.0 364.0 220.0 349.0 206.0 359.0 196.0 car 0
420.0 235.0 411.0 247.0 392.0 233.0 401.0 221.0 car 0
453.0 198.0 445.0 209.0 429.0 196.0 437.0 186.0 car 0
525.0 243.0 517.0 256.0 496.0 244.0 504.0 230.0 car 0
536.0 242.0 559.0 252.0 554.0 266.0 531.0 256.0 car 0
509.0 286.0 532.0 296.0 526.0 309.0 503.0 300.0 car 0
597.0 330.0 620.0 340.0 614.0 353.0 591.0 344.0 car 0
408.0 164.0 382.0 170.0 379.0 154.0 404.0 149.0 ignored 0
372.0 96.0 375.0 96.0 375.0 105.0 372.0 105.0 people 0
381.0 84.0 387.0 84.0 387.0 96.0 381.0 96.0 people 0
366.0 63.0 370.0 63.0 370.0 74.0 366.0 74.0 traffic-light 0
359.0 63.0 362.0 63.0 362.0 74.0 359.0 74.0 traffic-light 0
788.0 422.0 821.0 436.0 815.0 451.0 782.0 438.0 car 0
866.0 442.0 900.0 456.0 893.0 473.0 859.0 459.0 car 0
911.0 468.0 941.0 480.0 936.0 494.0 905.0 482.0 car 0
889.0 389.0 947.0 413.0 936.0 438.0 879.0 414.0 bus 0
961.0 295.0 967.0 295.0 967.0 309.0 961.0 309.0 people 0
979.0 303.0 985.0 303.0 985.0 318.0 979.0 318.0 people 0
771.0 196.0 753.0 197.0 752.0 184.0 770.0 183.0 car 0
684.0 124.0 702.0 124.0 702.0 133.0 684.0 133.0 car 0
919.0 973.0 932.0 977.0 925.0 1000.0 912.0 996.0 people 0
56.0 921.0 62.0 922.0 61.0 942.0 55.0 941.0 people 0
44.0 906.0 24.0 921.0 1.0 887.0 21.0 873.0 car 0
70.0 907.0 53.0 920.0 28.0 884.0 45.0 871.0 car 0
98.0 905.0 79.0 919.0 55.0 884.0 74.0 870.0 car 0
103.0 969.0 77.0 981.0 59.0 941.0 86.0 930.0 car 0
133.0 967.0 110.0 981.0 87.0 941.0 111.0 928.0 car 0
164.0 965.0 141.0 979.0 123.0 947.0 146.0 933.0 car 0
197.0 959.0 176.0 970.0 157.0 938.0 178.0 926.0 car 0
172.0 1005.0 152.0 1023.0 120.0 985.0 140.0 968.0 car 0
201.0 1005.0 177.0 1019.0 155.0 980.0 180.0 967.0 car 0
228.0 957.0 206.0 975.0 177.0 941.0 199.0 923.0 car 0
71.0 968.0 12.0 978.0 7.0 956.0 67.0 946.0 people 0
80.0 984.0 21.0 994.0 16.0 972.0 76.0 962.0 people 0
93.0 998.0 34.0 1008.0 29.0 986.0 89.0 976.0 people 0
109.0 1021.0 41.0 1027.0 39.0 1000.0 107.0 995.0 people 2
324.0 808.0 340.0 824.0 316.0 848.0 300.0 833.0 car 0
265.0 997.0 243.0 1015.0 214.0 981.0 236.0 963.0 car 0
414.0 1031.0 348.0 1038.0 346.0 1013.0 411.0 1006.0 car 2
402.0 947.0 382.0 960.0 356.0 922.0 375.0 909.0 car 0
484.0 913.0 469.0 931.0 432.0 903.0 447.0 884.0 car 0
452.0 916.0 439.0 933.0 406.0 907.0 420.0 890.0 car 0
419.0 924.0 404.0 943.0 369.0 916.0 384.0 897.0 car 0
400.0 807.0 425.0 809.0 423.0 831.0 398.0 830.0 car 0
535.0 799.0 556.0 807.0 547.0 829.0 527.0 822.0 car 0
748.0 820.0 722.0 822.0 721.0 797.0 748.0 796.0 car 0
767.0 793.0 791.0 794.0 790.0 817.0 765.0 816.0 car 0
628.0 867.0 610.0 882.0 580.0 847.0 598.0 831.0 car 0
657.0 864.0 639.0 880.0 609.0 845.0 626.0 829.0 car 0
678.0 866.0 660.0 876.0 640.0 839.0 658.0 829.0 car 0
707.0 865.0 690.0 876.0 667.0 842.0 684.0 831.0 car 0
734.0 856.0 716.0 871.0 685.0 835.0 702.0 820.0 truck 0
765.0 855.0 751.0 870.0 721.0 842.0 735.0 827.0 car 0
793.0 857.0 780.0 871.0 744.0 837.0 757.0 823.0 car 0
821.0 857.0 808.0 871.0 772.0 836.0 785.0 823.0 car 0
711.0 927.0 691.0 945.0 659.0 908.0 679.0 890.0 car 0
777.0 929.0 758.0 946.0 725.0 907.0 744.0 890.0 car 0
807.0 927.0 788.0 944.0 755.0 905.0 774.0 888.0 car 0
834.0 921.0 815.0 938.0 782.0 899.0 801.0 882.0 car 0
730.0 913.0 712.0 929.0 688.0 901.0 707.0 885.0 car 0
779.0 943.0 749.0 983.0 696.0 941.0 726.0 902.0 truck 0
793.0 967.0 778.0 981.0 759.0 958.0 774.0 945.0 car 0
844.0 1026.0 825.0 1046.0 788.0 1012.0 808.0 991.0 truck 2
912.0 1023.0 889.0 1048.0 847.0 1008.0 870.0 983.0 truck 2
861.0 787.0 885.0 788.0 884.0 811.0 859.0 810.0 car 0
906.0 786.0 933.0 787.0 932.0 810.0 904.0 809.0 car 0
951.0 781.0 979.0 783.0 977.0 806.0 950.0 805.0 car 0
1001.0 784.0 1029.0 786.0 1028.0 805.0 1000.0 804.0 car 2
875.0 854.0 863.0 869.0 824.0 838.0 835.0 823.0 car 0
900.0 852.0 887.0 866.0 851.0 831.0 864.0 818.0 car 0
956.0 843.0 944.0 863.0 896.0 833.0 908.0 813.0 car 0
983.0 851.0 966.0 867.0 933.0 829.0 951.0 813.0 car 0
1005.0 838.0 990.0 856.0 951.0 826.0 965.0 807.0 car 0
1028.0 840.0 1012.0 858.0 975.0 823.0 992.0 806.0 car 2
913.0 911.0 901.0 930.0 854.0 901.0 866.0 882.0 car 0
945.0 910.0 924.0 932.0 888.0 897.0 908.0 876.0 car 0
863.0 969.0 843.0 991.0 797.0 947.0 817.0 926.0 car 0
885.0 968.0 869.0 982.0 836.0 942.0 852.0 929.0 car 0
910.0 962.0 893.0 976.0 863.0 942.0 881.0 928.0 car 0
939.0 956.0 918.0 974.0 883.0 933.0 904.0 916.0 car 0
963.0 956.0 947.0 970.0 915.0 932.0 931.0 919.0 car 0
991.0 951.0 974.0 965.0 940.0 925.0 956.0 912.0 car 0
987.0 1010.0 975.0 1030.0 932.0 1002.0 944.0 983.0 car 2
1015.0 1004.0 988.0 1019.0 974.0 994.0 1001.0 980.0 car 0
1023.0 903.0 1010.0 924.0 959.0 892.0 972.0 872.0 car 0
1051.0 896.0 1038.0 917.0 987.0 885.0 1000.0 865.0 car 2
