464.0 239.0 479.0 239.0 479.0 264.0 464.0 264.0 traffic-light 0
511.0 241.0 523.0 241.0 523.0 266.0 511.0 266.0 traffic-light 0
698.0 322.0 705.0 322.0 705.0 340.0 698.0 340.0 traffic-light 0
587.0 253.0 593.0 253.0 593.0 273.0 587.0 273.0 traffic-light 0
769.0 267.0 777.0 267.0 777.0 285.0 769.0 285.0 traffic-light 0
625.0 381.0 637.0 381.0 637.0 401.0 625.0 401.0 traffic-light 0
628.0 410.0 638.0 410.0 638.0 429.0 628.0 429.0 traffic-light 0
719.0 503.0 730.0 503.0 730.0 529.0 719.0 529.0 traffic-light 0
597.0 590.0 609.0 590.0 609.0 610.0 597.0 610.0 traffic-light 0
393.0 493.0 407.0 493.0 407.0 516.0 393.0 516.0 traffic-light 0
238.0 328.0 247.0 328.0 247.0 348.0 238.0 348.0 traffic-light 0
176.0 309.0 183.0 309.0 183.0 326.0 176.0 326.0 traffic-light 0
173.0 283.0 182.0 283.0 182.0 305.0 173.0 305.0 traffic-light 0
46.0 590.0 55.0 590.0 55.0 607.0 46.0 607.0 traffic-light 0
513.0 833.0 469.0 837.0 461.0 752.0 504.0 747.0 car 0
392.0 693.0 417.0 693.0 417.0 732.0 392.0 732.0 motor 0
552.0 700.0 572.0 700.0 572.0 737.0 552.0 737.0 motor 0
335.0 468.0 371.0 468.0 371.0 541.0 335.0 541.0 car 0
521.0 19.0 549.0 19.0 549.0 65.0 521.0 65.0 car 0
682.0 440.0 693.0 440.0 693.0 470.0 682.0 470.0 people 0
671.0 438.0 682.0 438.0 682.0 464.0 671.0 464.0 people 0
643.0 504.0 653.0 504.0 653.0 523.0 643.0 523.0 traffic-light 0
172.0 223.0 180.0 223.0 180.0 245.0 172.0 245.0 traffic-light 0
205.0 345.0 217.0 345.0 217.0 379.0 205.0 379.0 people 0
185.0 316.0 199.0 316.0 199.0 355.0 185.0 355.0 people 0
560.0 293.0 571.0 293.0 571.0 313.0 560.0 313.0 people 0
299.0 262.0 308.0 262.0 308.0 280.0 299.0 280.0 traffic-light 0
223.0 296.0 241.0 296.0 241.0 325.0 223.0 325.0 motor 0
149.0 504.0 161.0 504.0 161.0 525.0 149.0 525.0 bicycle 0
731.0 667.0 746.0 667.0 746.0 691.0 731.0 691.0 traffic-light 0
