12.0 797.0 58.0 809.0 30.0 908.0 -15.0 896.0 people 2
192.0 828.0 244.0 840.0 225.0 924.0 172.0 912.0 traffic-light 0
715.0 975.0 747.0 986.0 723.0 1053.0 691.0 1042.0 people 2
437.0 188.0 473.0 197.0 455.0 272.0 419.0 263.0 traffic-light 0
553.0 819.0 1023.0 819.0 1023.0 990.0 553.0 990.0 truck 0
956.0 470.0 1024.0 470.0 1024.0 565.0 956.0 565.0 car 0
893.0 30.0 925.0 39.0 903.0 113.0 871.0 104.0 people 0
767.0 -3.0 801.0 7.0 779.0 82.0 745.0 72.0 people 2
563.0 47.0 781.0 120.0 754.0 202.0 535.0 128.0 car 0
315.0 -54.0 530.0 18.0 505.0 94.0 289.0 21.0 car 2
598.0 161.0 632.0 171.0 610.0 246.0 576.0 236.0 people 0
239.0 249.0 272.0 249.0 272.0 301.0 239.0 301.0 car 0
544.0 325.0 581.0 325.0 581.0 417.0 544.0 417.0 motor 0
623.0 344.0 660.0 344.0 660.0 426.0 623.0 426.0 motor 0
686.0 356.0 720.0 356.0 720.0 427.0 686.0 427.0 motor 0
192.0 137.0 219.0 144.0 203.0 211.0 176.0 204.0 motor 0
177.0 131.0 185.0 171.0 104.0 186.0 97.0 146.0 motor 0
135.0 109.0 140.0 135.0 60.0 150.0 56.0 124.0 motor 0
