6.0 128.0 21.0 128.0 21.0 140.0 6.0 140.0 car 0
6.0 113.0 18.0 113.0 18.0 125.0 6.0 125.0 car 0
18.0 116.0 30.0 116.0 30.0 127.0 18.0 127.0 car 0
26.0 93.0 40.0 93.0 40.0 104.0 26.0 104.0 car 0
45.0 87.0 56.0 87.0 56.0 100.0 45.0 100.0 car 0
37.0 81.0 47.0 81.0 47.0 90.0 37.0 90.0 car 0
54.0 74.0 67.0 74.0 67.0 85.0 54.0 85.0 car 0
65.0 63.0 77.0 63.0 77.0 72.0 65.0 72.0 car 0
56.0 58.0 65.0 58.0 65.0 68.0 56.0 68.0 car 0
87.0 50.0 98.0 50.0 98.0 61.0 87.0 61.0 car 0
91.0 34.0 102.0 34.0 102.0 46.0 91.0 46.0 car 0
106.0 30.0 119.0 30.0 119.0 42.0 106.0 42.0 car 0
98.0 25.0 107.0 25.0 107.0 36.0 98.0 36.0 car 0
107.0 6.0 118.0 6.0 118.0 16.0 107.0 16.0 car 0
122.0 7.0 132.0 7.0 132.0 17.0 122.0 17.0 car 0
139.0 0.0 159.0 0.0 159.0 7.0 139.0 7.0 truck 0
27.0 6.0 39.0 6.0 39.0 17.0 27.0 17.0 truck 0
18.0 24.0 30.0 24.0 30.0 38.0 18.0 38.0 truck 0
-1.0 30.0 13.0 30.0 13.0 39.0 -1.0 39.0 truck 2
20.0 37.0 33.0 37.0 33.0 46.0 20.0 46.0 truck 0
22.0 53.0 52.0 53.0 52.0 69.0 22.0 69.0 traffic-sign 0
61.0 20.0 69.0 20.0 69.0 29.0 61.0 29.0 traffic-light 0
129.0 797.0 93.0 800.0 90.0 778.0 127.0 775.0 car 0
132.0 838.0 80.0 847.0 75.0 819.0 128.0 810.0 car 0
484.0 892.0 406.0 899.0 403.0 858.0 481.0 851.0 bus 0
992.0 530.0 946.0 533.0 945.0 509.0 990.0 506.0 car 0
