250.0 675.0 207.0 686.0 185.0 603.0 228.0 592.0 car 0
35.0 162.0 3.0 173.0 -16.0 110.0 16.0 100.0 truck 2
517.0 66.0 562.0 129.0 530.0 152.0 485.0 89.0 truck 0
609.0 74.0 587.0 130.0 554.0 116.0 575.0 61.0 truck 0
677.0 93.0 653.0 153.0 618.0 139.0 641.0 79.0 truck 0
741.0 55.0 714.0 124.0 678.0 109.0 704.0 41.0 truck 0
626.0 42.0 607.0 92.0 577.0 80.0 596.0 31.0 truck 0
663.0 44.0 642.0 96.0 614.0 84.0 634.0 33.0 truck 0
756.0 229.0 781.0 304.0 745.0 316.0 720.0 242.0 truck 0
704.0 210.0 726.0 261.0 688.0 278.0 665.0 226.0 truck 0
534.0 157.0 538.0 193.0 451.0 205.0 446.0 168.0 truck 0
524.0 136.0 530.0 172.0 442.0 185.0 437.0 149.0 truck 0
512.0 113.0 518.0 149.0 430.0 162.0 425.0 126.0 truck 0
502.0 92.0 508.0 128.0 420.0 141.0 415.0 105.0 truck 0
481.0 72.0 486.0 106.0 406.0 118.0 401.0 84.0 truck 0
473.0 56.0 478.0 90.0 398.0 102.0 393.0 68.0 truck 0
457.0 47.0 449.0 80.0 370.0 60.0 378.0 27.0 truck 0
447.0 29.0 439.0 62.0 360.0 42.0 368.0 9.0 truck 0
417.0 3.0 409.0 36.0 330.0 16.0 338.0 -17.0 truck 2
475.0 18.0 466.0 50.0 402.0 33.0 410.0 1.0 truck 0
527.0 182.0 531.0 215.0 461.0 224.0 457.0 191.0 truck 0
540.0 202.0 544.0 236.0 464.0 246.0 459.0 212.0 truck 0
615.0 202.0 616.0 239.0 543.0 241.0 542.0 204.0 truck 0
622.0 226.0 623.0 261.0 548.0 263.0 547.0 228.0 truck 0
635.0 248.0 636.0 288.0 556.0 290.0 555.0 250.0 truck 0
544.0 230.0 545.0 262.0 468.0 264.0 468.0 232.0 truck 0
557.0 253.0 558.0 286.0 477.0 288.0 476.0 255.0 truck 0
564.0 274.0 565.0 307.0 484.0 309.0 483.0 276.0 truck 0
576.0 297.0 577.0 330.0 496.0 332.0 495.0 299.0 truck 0
576.0 319.0 581.0 351.0 499.0 362.0 495.0 329.0 truck 0
653.0 268.0 658.0 300.0 576.0 311.0 572.0 278.0 truck 0
654.0 290.0 658.0 323.0 587.0 332.0 583.0 299.0 truck 0
686.0 314.0 687.0 363.0 592.0 365.0 591.0 316.0 truck 0
599.0 342.0 600.0 384.0 510.0 386.0 509.0 344.0 truck 0
605.0 363.0 606.0 409.0 516.0 411.0 515.0 365.0 truck 0
627.0 389.0 630.0 432.0 531.0 439.0 528.0 396.0 truck 0
626.0 414.0 629.0 459.0 535.0 466.0 532.0 420.0 truck 0
654.0 446.0 657.0 493.0 548.0 501.0 545.0 453.0 truck 0
654.0 474.0 657.0 520.0 560.0 527.0 557.0 480.0 truck 0
701.0 365.0 702.0 404.0 607.0 406.0 606.0 367.0 truck 0
720.0 391.0 721.0 429.0 635.0 431.0 634.0 393.0 truck 0
735.0 417.0 736.0 460.0 638.0 463.0 637.0 420.0 truck 0
755.0 446.0 758.0 490.0 653.0 497.0 650.0 453.0 truck 0
772.0 475.0 775.0 519.0 670.0 526.0 667.0 482.0 truck 0
854.0 281.0 893.0 303.0 846.0 385.0 807.0 362.0 truck 0
897.0 313.0 928.0 331.0 886.0 403.0 855.0 385.0 truck 0
931.0 321.0 966.0 339.0 929.0 409.0 894.0 390.0 truck 0
972.0 336.0 1009.0 355.0 971.0 427.0 934.0 407.0 truck 0
975.0 406.0 957.0 458.0 855.0 424.0 872.0 372.0 truck 0
935.0 461.0 928.0 560.0 879.0 557.0 886.0 457.0 truck 0
991.0 469.0 972.0 576.0 927.0 568.0 945.0 461.0 truck 0
1037.0 483.0 1030.0 581.0 987.0 578.0 994.0 480.0 truck 2
1087.0 578.0 1068.0 651.0 934.0 616.0 952.0 543.0 truck 2
671.0 508.0 677.0 546.0 575.0 563.0 569.0 525.0 truck 0
796.0 510.0 804.0 590.0 590.0 611.0 582.0 532.0 truck 0
792.0 554.0 799.0 641.0 608.0 656.0 601.0 569.0 truck 0
817.0 599.0 824.0 678.0 623.0 698.0 615.0 619.0 truck 0
836.0 653.0 847.0 745.0 648.0 770.0 636.0 678.0 truck 0
862.0 718.0 873.0 797.0 677.0 822.0 667.0 743.0 truck 0
887.0 764.0 898.0 853.0 690.0 880.0 678.0 791.0 truck 0
896.0 806.0 909.0 902.0 714.0 927.0 701.0 831.0 truck 0
929.0 882.0 939.0 966.0 736.0 992.0 725.0 908.0 truck 0
922.0 948.0 930.0 999.0 757.0 1023.0 750.0 972.0 truck 0
929.0 726.0 1021.0 933.0 941.0 969.0 849.0 762.0 truck 0
856.0 658.0 821.0 669.0 799.0 598.0 833.0 587.0 car 0
897.0 736.0 856.0 753.0 825.0 680.0 865.0 663.0 car 0
801.0 149.0 853.0 172.0 840.0 205.0 787.0 182.0 tricycle 0
