526.0 47.0 579.0 69.0 565.0 100.0 513.0 78.0 car 0
741.0 103.0 767.0 153.0 728.0 173.0 702.0 122.0 car 0
812.0 136.0 828.0 191.0 786.0 202.0 771.0 147.0 car 0
530.0 77.0 614.0 86.0 609.0 136.0 525.0 127.0 truck 0
579.0 56.0 675.0 66.0 671.0 110.0 575.0 100.0 truck 0
564.0 164.0 574.0 185.0 557.0 194.0 547.0 172.0 car 0
576.0 169.0 602.0 196.0 577.0 221.0 551.0 194.0 car 0
618.0 185.0 627.0 217.0 569.0 232.0 560.0 201.0 car 0
650.0 195.0 667.0 237.0 587.0 268.0 571.0 226.0 car 0
702.0 412.0 707.0 446.0 606.0 463.0 600.0 429.0 car 0
700.0 441.0 705.0 475.0 604.0 492.0 598.0 458.0 car 0
694.0 478.0 698.0 529.0 598.0 537.0 594.0 485.0 car 0
655.0 566.0 660.0 623.0 531.0 632.0 527.0 575.0 car 0
630.0 659.0 633.0 696.0 507.0 705.0 504.0 668.0 car 0
585.0 744.0 462.0 751.0 460.0 702.0 583.0 696.0 truck 0
679.0 773.0 732.0 773.0 732.0 805.0 679.0 805.0 motor 0
820.0 653.0 850.0 653.0 850.0 714.0 820.0 714.0 motor 0
860.0 323.0 909.0 337.0 892.0 404.0 842.0 390.0 car 0
871.0 269.0 921.0 277.0 909.0 349.0 859.0 341.0 car 0
919.0 280.0 871.0 286.0 863.0 226.0 911.0 219.0 car 0
813.0 277.0 857.0 277.0 857.0 354.0 813.0 354.0 truck 0
755.0 318.0 775.0 318.0 775.0 348.0 755.0 348.0 people 0
786.0 271.0 807.0 271.0 807.0 299.0 786.0 299.0 people 0
787.0 273.0 810.0 273.0 810.0 310.0 787.0 310.0 motor 0
