439.0 987.0 462.0 989.0 458.0 1027.0 435.0 1024.0 car 2
509.0 957.0 528.0 959.0 524.0 992.0 505.0 990.0 car 0
552.0 959.0 569.0 961.0 566.0 990.0 549.0 988.0 truck 0
205.0 1000.0 255.0 1011.0 250.0 1034.0 200.0 1023.0 car 2
883.0 172.0 894.0 172.0 894.0 181.0 883.0 181.0 car 0
876.0 144.0 886.0 144.0 886.0 150.0 876.0 150.0 car 0
920.0 135.0 945.0 135.0 945.0 149.0 920.0 149.0 traffic-sign 0
558.0 703.0 573.0 708.0 563.0 737.0 549.0 732.0 truck 0
584.0 710.0 602.0 716.0 593.0 741.0 576.0 736.0 car 0
511.0 785.0 528.0 790.0 519.0 816.0 503.0 811.0 car 0
932.0 903.0 940.0 903.0 940.0 920.0 932.0 920.0 motor 0
912.0 903.0 923.0 903.0 923.0 919.0 912.0 919.0 motor 0
911.0 943.0 918.0 943.0 918.0 955.0 911.0 955.0 motor 0
920.0 958.0 931.0 958.0 931.0 975.0 920.0 975.0 motor 0
876.0 921.0 891.0 929.0 877.0 954.0 863.0 946.0 tricycle 0
895.0 941.0 901.0 941.0 901.0 956.0 895.0 956.0 motor 0
885.0 958.0 896.0 958.0 896.0 973.0 885.0 973.0 motor 0
906.0 575.0 925.0 581.0 900.0 662.0 881.0 656.0 ignored 0
930.0 572.0 973.0 580.0 953.0 680.0 911.0 672.0 ignored 0
890.0 722.0 940.0 731.0 916.0 852.0 867.0 843.0 ignored 0
853.0 857.0 903.0 857.0 903.0 876.0 853.0 876.0 car 0
981.0 856.0 1035.0 861.0 1033.0 883.0 979.0 878.0 car 2
973.0 836.0 1028.0 841.0 1026.0 860.0 971.0 855.0 car 2
975.0 803.0 1024.0 805.0 1023.0 827.0 974.0 825.0 car 0
879.0 657.0 898.0 657.0 898.0 669.0 879.0 669.0 motor 0
876.0 670.0 895.0 670.0 895.0 683.0 876.0 683.0 motor 0
871.0 688.0 891.0 688.0 891.0 697.0 871.0 697.0 motor 0
869.0 702.0 887.0 702.0 887.0 710.0 869.0 710.0 motor 0
982.0 701.0 1032.0 707.0 1031.0 725.0 980.0 720.0 car 2
983.0 744.0 1040.0 750.0 1034.0 808.0 978.0 802.0 ignored 2
973.0 880.0 1020.0 884.0 1017.0 917.0 970.0 913.0 ignored 0
817.0 864.0 829.0 864.0 829.0 885.0 817.0 885.0 motor 0
834.0 868.0 841.0 868.0 841.0 882.0 834.0 882.0 motor 0
821.0 892.0 832.0 892.0 832.0 911.0 821.0 911.0 motor 0
779.0 951.0 829.0 956.0 827.0 973.0 777.0 968.0 ignored 0
884.0 973.0 837.0 973.0 837.0 958.0 884.0 957.0 ignored 0
827.0 930.0 794.0 930.0 794.0 912.0 827.0 912.0 ignored 0
786.0 926.0 812.0 931.0 808.0 947.0 783.0 942.0 ignored 0
826.0 933.0 836.0 933.0 836.0 952.0 826.0 952.0 motor 0
889.0 899.0 901.0 899.0 901.0 917.0 889.0 917.0 motor 0
872.0 899.0 881.0 899.0 881.0 913.0 872.0 913.0 motor 0
912.0 874.0 921.0 874.0 921.0 894.0 912.0 894.0 motor 0
930.0 874.0 942.0 874.0 942.0 892.0 930.0 892.0 motor 0
906.0 689.0 950.0 697.0 944.0 727.0 900.0 719.0 ignored 0
909.0 675.0 951.0 683.0 948.0 696.0 907.0 688.0 car 0
864.0 722.0 881.0 725.0 875.0 755.0 858.0 752.0 ignored 0
847.0 774.0 870.0 774.0 870.0 787.0 847.0 787.0 motor 0
953.0 719.0 965.0 719.0 965.0 736.0 953.0 736.0 motor 0
1070.0 954.0 974.0 974.0 963.0 919.0 1059.0 899.0 ignored 2
963.0 543.0 1004.0 560.0 994.0 583.0 953.0 566.0 truck 0
