564.0 890.0 591.0 895.0 582.0 935.0 556.0 930.0 truck 0
747.0 584.0 761.0 587.0 757.0 606.0 743.0 603.0 car 0
688.0 460.0 706.0 464.0 702.0 482.0 684.0 478.0 car 0
772.0 358.0 789.0 362.0 785.0 378.0 768.0 375.0 car 0
865.0 349.0 879.0 350.0 877.0 364.0 864.0 362.0 car 0
806.0 414.0 837.0 417.0 836.0 432.0 804.0 429.0 traffic-sign 0
844.0 297.0 861.0 297.0 861.0 313.0 844.0 313.0 car 0
841.0 270.0 856.0 273.0 853.0 286.0 838.0 283.0 car 0
870.0 262.0 886.0 264.0 884.0 278.0 869.0 276.0 car 0
915.0 262.0 931.0 263.0 930.0 278.0 913.0 277.0 car 0
961.0 278.0 986.0 289.0 980.0 302.0 956.0 291.0 car 0
892.0 212.0 911.0 212.0 911.0 223.0 892.0 223.0 car 0
955.0 245.0 970.0 245.0 970.0 256.0 955.0 256.0 car 0
955.0 204.0 970.0 204.0 970.0 216.0 955.0 216.0 car 0
969.0 184.0 985.0 184.0 985.0 198.0 969.0 198.0 car 0
989.0 155.0 1001.0 155.0 1001.0 167.0 989.0 167.0 car 0
951.0 148.0 963.0 148.0 963.0 158.0 951.0 158.0 car 0
981.0 111.0 993.0 112.0 992.0 121.0 980.0 120.0 car 0
1016.0 115.0 1024.0 116.0 1024.0 127.0 1015.0 126.0 car 0
1010.0 95.0 1022.0 95.0 1022.0 105.0 1010.0 104.0 car 0
863.0 67.0 875.0 67.0 875.0 73.0 863.0 73.0 car 0
918.0 30.0 934.0 30.0 934.0 39.0 918.0 39.0 car 0
889.0 68.0 903.0 68.0 903.0 76.0 889.0 76.0 car 0
807.0 128.0 818.0 129.0 817.0 143.0 805.0 142.0 car 0
846.0 139.0 858.0 139.0 858.0 152.0 846.0 152.0 car 0
810.0 140.0 831.0 142.0 828.0 167.0 807.0 164.0 truck 0
779.0 156.0 795.0 156.0 795.0 167.0 779.0 167.0 car 0
696.0 240.0 710.0 246.0 703.0 260.0 690.0 255.0 car 0
658.0 253.0 670.0 257.0 665.0 272.0 653.0 269.0 car 0
514.0 368.0 544.0 371.0 540.0 404.0 510.0 401.0 truck 0
652.0 314.0 668.0 319.0 661.0 345.0 644.0 340.0 car 0
659.0 342.0 673.0 348.0 664.0 369.0 650.0 362.0 car 0
351.0 574.0 372.0 580.0 364.0 605.0 344.0 599.0 car 0
436.0 563.0 457.0 572.0 447.0 597.0 425.0 588.0 car 0
373.0 647.0 397.0 655.0 388.0 684.0 364.0 676.0 car 0
88.0 943.0 109.0 953.0 92.0 993.0 70.0 983.0 car 0
134.0 867.0 155.0 874.0 144.0 911.0 122.0 904.0 car 0
308.0 238.0 362.0 243.0 359.0 270.0 305.0 265.0 ignored 0
264.0 238.0 288.0 238.0 288.0 251.0 264.0 251.0 car 0
177.0 232.0 206.0 232.0 206.0 245.0 177.0 245.0 car 0
138.0 231.0 167.0 231.0 167.0 244.0 138.0 244.0 car 0
183.0 250.0 207.0 250.0 207.0 262.0 183.0 262.0 car 0
156.0 247.0 180.0 247.0 180.0 259.0 156.0 259.0 car 0
8.0 222.0 37.0 222.0 37.0 237.0 8.0 237.0 ignored 0
264.0 99.0 440.0 99.0 440.0 129.0 264.0 129.0 ignored 0
372.0 154.0 377.0 154.0 377.0 163.0 372.0 163.0 people 0
