80.0 1049.0 37.0 1053.0 27.0 954.0 70.0 949.0 bus 2
67.0 841.0 104.0 849.0 88.0 924.0 51.0 917.0 bus 0
118.0 1024.0 88.0 1027.0 83.0 982.0 114.0 979.0 car 2
165.0 973.0 135.0 980.0 128.0 945.0 158.0 938.0 car 0
185.0 880.0 155.0 887.0 148.0 852.0 178.0 845.0 car 0
121.0 842.0 96.0 847.0 90.0 819.0 115.0 814.0 car 0
171.0 801.0 146.0 806.0 140.0 778.0 165.0 773.0 car 0
118.0 795.0 93.0 800.0 87.0 772.0 112.0 767.0 car 0
86.0 674.0 67.0 678.0 59.0 642.0 78.0 638.0 car 0
68.0 708.0 43.0 713.0 37.0 685.0 62.0 680.0 car 0
44.0 724.0 3.0 741.0 -7.0 717.0 33.0 699.0 car 2
133.0 497.0 115.0 501.0 111.0 480.0 128.0 476.0 car 0
145.0 463.0 127.0 467.0 123.0 446.0 140.0 442.0 car 0
120.0 404.0 102.0 408.0 98.0 387.0 115.0 383.0 car 0
121.0 379.0 103.0 383.0 94.0 342.0 113.0 338.0 bus 0
77.0 203.0 61.0 205.0 58.0 172.0 73.0 171.0 bus 0
75.0 169.0 57.0 173.0 53.0 152.0 70.0 148.0 car 0
79.0 145.0 61.0 149.0 57.0 128.0 74.0 124.0 car 0
83.0 115.0 65.0 119.0 61.0 98.0 78.0 94.0 car 0
77.0 75.0 59.0 79.0 55.0 58.0 72.0 54.0 car 0
71.0 65.0 53.0 69.0 49.0 48.0 66.0 44.0 car 0
57.0 85.0 39.0 89.0 35.0 68.0 52.0 64.0 car 0
60.0 113.0 42.0 117.0 38.0 96.0 55.0 92.0 car 0
59.0 141.0 41.0 145.0 37.0 124.0 54.0 120.0 car 0
63.0 184.0 45.0 188.0 41.0 167.0 58.0 163.0 car 0
76.0 361.0 58.0 365.0 54.0 344.0 71.0 340.0 car 0
41.0 294.0 17.0 299.0 13.0 279.0 36.0 274.0 car 0
29.0 212.0 38.0 212.0 38.0 222.0 29.0 222.0 traffic-light 0
120.0 194.0 133.0 194.0 133.0 209.0 120.0 209.0 traffic-light 0
18.0 810.0 26.0 810.0 26.0 836.0 18.0 836.0 people 0
98.0 671.0 115.0 671.0 115.0 693.0 98.0 693.0 motor 0
745.0 497.0 806.0 538.0 786.0 566.0 726.0 525.0 truck 0
764.0 490.0 825.0 531.0 805.0 559.0 745.0 518.0 truck 0
783.0 485.0 844.0 526.0 824.0 554.0 764.0 513.0 truck 0
818.0 480.0 879.0 521.0 859.0 549.0 799.0 508.0 truck 0
843.0 481.0 904.0 522.0 884.0 550.0 824.0 509.0 truck 0
855.0 465.0 916.0 506.0 896.0 534.0 836.0 493.0 truck 0
885.0 464.0 946.0 505.0 926.0 533.0 866.0 492.0 truck 0
926.0 458.0 987.0 499.0 967.0 527.0 907.0 486.0 truck 0
946.0 452.0 1007.0 493.0 987.0 521.0 927.0 480.0 truck 0
