280.0 262.0 150.0 288.0 137.0 224.0 267.0 198.0 car 0
245.0 166.0 100.0 195.0 89.0 141.0 234.0 111.0 car 0
235.0 95.0 91.0 124.0 79.0 70.0 224.0 40.0 car 0
78.0 144.0 -68.0 159.0 -74.0 103.0 73.0 88.0 car 2
611.0 77.0 736.0 119.0 716.0 181.0 591.0 139.0 car 0
737.0 130.0 869.0 133.0 868.0 198.0 736.0 195.0 car 0
912.0 145.0 1044.0 148.0 1043.0 213.0 911.0 210.0 car 2
742.0 519.0 792.0 519.0 792.0 575.0 742.0 575.0 motor 0
583.0 705.0 756.0 705.0 756.0 764.0 583.0 764.0 truck 0
778.0 695.0 906.0 695.0 906.0 753.0 778.0 753.0 car 0
938.0 881.0 942.0 1029.0 879.0 1031.0 875.0 883.0 car 2
1011.0 879.0 1015.0 1027.0 951.0 1028.0 947.0 880.0 car 2
496.0 892.0 458.0 908.0 448.0 885.0 486.0 869.0 people 0
