226.0 -16.0 337.0 -16.0 337.0 35.0 226.0 35.0 car 2
195.0 38.0 334.0 38.0 334.0 91.0 195.0 91.0 truck 0
198.0 97.0 337.0 97.0 337.0 150.0 198.0 150.0 truck 0
212.0 158.0 351.0 158.0 351.0 211.0 212.0 211.0 truck 0
215.0 227.0 354.0 227.0 354.0 280.0 215.0 280.0 truck 0
209.0 284.0 348.0 284.0 348.0 337.0 209.0 337.0 truck 0
211.0 342.0 350.0 342.0 350.0 395.0 211.0 395.0 truck 0
209.0 414.0 348.0 414.0 348.0 467.0 209.0 467.0 truck 0
212.0 477.0 351.0 477.0 351.0 530.0 212.0 530.0 truck 0
519.0 -17.0 647.0 -17.0 647.0 35.0 519.0 35.0 car 2
530.0 57.0 658.0 57.0 658.0 109.0 530.0 109.0 car 0
535.0 120.0 663.0 120.0 663.0 172.0 535.0 172.0 car 0
534.0 397.0 662.0 397.0 662.0 449.0 534.0 449.0 car 0
541.0 471.0 630.0 471.0 630.0 522.0 541.0 522.0 car 0
863.0 974.0 902.0 974.0 902.0 1010.0 863.0 1010.0 people 0
