195.0 46.0 216.0 46.0 216.0 67.0 195.0 67.0 traffic-sign 0
135.0 49.0 156.0 49.0 156.0 69.0 135.0 69.0 traffic-sign 0
105.0 134.0 127.0 134.0 127.0 152.0 105.0 152.0 traffic-sign 0
72.0 136.0 95.0 136.0 95.0 153.0 72.0 153.0 traffic-sign 0
543.0 326.0 579.0 326.0 579.0 348.0 543.0 348.0 traffic-sign 0
482.0 502.0 530.0 502.0 530.0 546.0 482.0 546.0 traffic-sign 0
570.0 492.0 618.0 492.0 618.0 539.0 570.0 539.0 traffic-sign 0
676.0 335.0 713.0 335.0 713.0 369.0 676.0 369.0 traffic-sign 0
743.0 332.0 777.0 332.0 777.0 367.0 743.0 367.0 traffic-sign 0
721.0 377.0 736.0 377.0 736.0 392.0 721.0 392.0 traffic-sign 0
703.0 501.0 715.0 501.0 715.0 519.0 703.0 519.0 traffic-sign 0
827.0 215.0 858.0 215.0 858.0 238.0 827.0 238.0 traffic-sign 0
868.0 212.0 894.0 212.0 894.0 235.0 868.0 235.0 traffic-sign 0
987.0 89.0 1002.0 89.0 1002.0 106.0 987.0 106.0 traffic-sign 0
1007.0 89.0 1019.0 89.0 1019.0 102.0 1007.0 102.0 traffic-sign 0
475.0 225.0 489.0 225.0 489.0 242.0 475.0 242.0 truck 0
357.0 379.0 401.0 379.0 401.0 432.0 357.0 432.0 truck 0
380.0 276.0 407.0 276.0 407.0 306.0 380.0 306.0 truck 0
262.0 828.0 301.0 828.0 301.0 873.0 262.0 873.0 truck 0
142.0 602.0 202.0 602.0 202.0 660.0 142.0 660.0 bus 0
35.0 887.0 93.0 887.0 93.0 934.0 35.0 934.0 car 0
81.0 816.0 130.0 816.0 130.0 858.0 81.0 858.0 car 0
70.0 779.0 113.0 779.0 113.0 817.0 70.0 817.0 car 0
14.0 766.0 59.0 766.0 59.0 802.0 14.0 802.0 car 0
114.0 617.0 152.0 617.0 152.0 647.0 114.0 647.0 car 0
261.0 554.0 292.0 554.0 292.0 578.0 261.0 578.0 car 0
271.0 592.0 305.0 592.0 305.0 624.0 271.0 624.0 truck 0
193.0 649.0 232.0 649.0 232.0 692.0 193.0 692.0 car 0
206.0 679.0 244.0 679.0 244.0 721.0 206.0 721.0 car 0
145.0 692.0 182.0 692.0 182.0 725.0 145.0 725.0 car 0
357.0 966.0 407.0 966.0 407.0 1021.0 357.0 1021.0 car 0
408.0 975.0 419.0 975.0 419.0 1006.0 408.0 1006.0 people 0
370.0 859.0 433.0 859.0 433.0 900.0 370.0 900.0 car 0
384.0 718.0 426.0 718.0 426.0 749.0 384.0 749.0 car 0
584.0 642.0 620.0 642.0 620.0 667.0 584.0 667.0 car 0
571.0 611.0 601.0 611.0 601.0 630.0 571.0 630.0 car 0
773.0 322.0 789.0 322.0 789.0 337.0 773.0 337.0 car 0
512.0 371.0 528.0 371.0 528.0 384.0 512.0 384.0 car 0
427.0 526.0 454.0 526.0 454.0 549.0 427.0 549.0 car 0
465.0 484.0 494.0 484.0 494.0 502.0 465.0 502.0 car 0
387.0 579.0 412.0 579.0 412.0 604.0 387.0 604.0 car 0
346.0 622.0 373.0 622.0 373.0 648.0 346.0 648.0 car 0
312.0 549.0 343.0 549.0 343.0 569.0 312.0 569.0 car 0
339.0 442.0 368.0 442.0 368.0 465.0 339.0 465.0 car 0
377.0 457.0 395.0 457.0 395.0 479.0 377.0 479.0 car 0
400.0 415.0 423.0 415.0 423.0 439.0 400.0 439.0 car 0
489.0 267.0 505.0 267.0 505.0 279.0 489.0 279.0 car 0
0.0 11.0 343.0 11.0 343.0 171.0 0.0 171.0 ignored 0
323.0 141.0 468.0 141.0 468.0 302.0 323.0 302.0 ignored 0
407.0 262.0 431.0 262.0 431.0 295.0 407.0 295.0 truck 0
400.0 221.0 414.0 221.0 414.0 242.0 400.0 242.0 truck 0
