0.0 154.0 343.0 154.0 343.0 550.0 0.0 550.0 ignored 0
688.0 922.0 877.0 922.0 877.0 1050.0 688.0 1050.0 ignored 2
190.0 297.0 242.0 297.0 242.0 328.0 190.0 328.0 traffic-sign 0
12.0 670.0 33.0 670.0 33.0 697.0 12.0 697.0 car 0
73.0 492.0 102.0 492.0 102.0 517.0 73.0 517.0 car 0
328.0 683.0 368.0 683.0 368.0 707.0 328.0 707.0 car 0
390.0 642.0 440.0 642.0 440.0 677.0 390.0 677.0 car 0
622.0 740.0 660.0 740.0 660.0 767.0 622.0 767.0 car 0
628.0 797.0 673.0 797.0 673.0 823.0 628.0 823.0 car 0
595.0 820.0 650.0 820.0 650.0 837.0 595.0 837.0 car 0
512.0 832.0 545.0 832.0 545.0 857.0 512.0 857.0 car 0
247.0 853.0 280.0 853.0 280.0 880.0 247.0 880.0 car 0
203.0 922.0 245.0 922.0 245.0 960.0 203.0 960.0 car 0
235.0 983.0 287.0 983.0 287.0 1028.0 235.0 1028.0 car 2
72.0 788.0 112.0 788.0 112.0 825.0 72.0 825.0 car 0
20.0 748.0 52.0 748.0 52.0 780.0 20.0 780.0 car 0
23.0 710.0 55.0 710.0 55.0 745.0 23.0 745.0 car 0
425.0 952.0 462.0 952.0 462.0 982.0 425.0 982.0 car 0
435.0 707.0 487.0 707.0 487.0 740.0 435.0 740.0 car 0
498.0 870.0 522.0 870.0 522.0 895.0 498.0 895.0 traffic-sign 0
