195.0 278.0 216.0 278.0 216.0 299.0 195.0 299.0 traffic-sign 0
135.0 281.0 156.0 281.0 156.0 301.0 135.0 301.0 traffic-sign 0
105.0 366.0 127.0 366.0 127.0 384.0 105.0 384.0 traffic-sign 0
72.0 368.0 95.0 368.0 95.0 385.0 72.0 385.0 traffic-sign 0
543.0 558.0 579.0 558.0 579.0 580.0 543.0 580.0 traffic-sign 0
482.0 734.0 530.0 734.0 530.0 778.0 482.0 778.0 traffic-sign 0
570.0 724.0 618.0 724.0 618.0 771.0 570.0 771.0 traffic-sign 0
676.0 567.0 713.0 567.0 713.0 601.0 676.0 601.0 traffic-sign 0
743.0 564.0 777.0 564.0 777.0 599.0 743.0 599.0 traffic-sign 0
721.0 609.0 736.0 609.0 736.0 624.0 721.0 624.0 traffic-sign 0
703.0 733.0 715.0 733.0 715.0 751.0 703.0 751.0 traffic-sign 0
827.0 447.0 858.0 447.0 858.0 470.0 827.0 470.0 traffic-sign 0
868.0 444.0 894.0 444.0 894.0 467.0 868.0 467.0 traffic-sign 0
987.0 321.0 1002.0 321.0 1002.0 338.0 987.0 338.0 traffic-sign 0
1007.0 321.0 1019.0 321.0 1019.0 334.0 1007.0 334.0 traffic-sign 0
475.0 457.0 489.0 457.0 489.0 474.0 475.0 474.0 truck 0
357.0 611.0 401.0 611.0 401.0 664.0 357.0 664.0 truck 0
380.0 508.0 407.0 508.0 407.0 538.0 380.0 538.0 truck 0
142.0 834.0 202.0 834.0 202.0 892.0 142.0 892.0 bus 0
14.0 998.0 59.0 998.0 59.0 1034.0 14.0 1034.0 car 2
114.0 849.0 152.0 849.0 152.0 879.0 114.0 879.0 car 0
261.0 786.0 292.0 786.0 292.0 810.0 261.0 810.0 car 0
271.0 824.0 305.0 824.0 305.0 856.0 271.0 856.0 truck 0
193.0 881.0 232.0 881.0 232.0 924.0 193.0 924.0 car 0
206.0 911.0 244.0 911.0 244.0 953.0 206.0 953.0 car 0
145.0 924.0 182.0 924.0 182.0 957.0 145.0 957.0 car 0
384.0 950.0 426.0 950.0 426.0 981.0 384.0 981.0 car 0
584.0 874.0 620.0 874.0 620.0 899.0 584.0 899.0 car 0
571.0 843.0 601.0 843.0 601.0 862.0 571.0 862.0 car 0
773.0 554.0 789.0 554.0 789.0 569.0 773.0 569.0 car 0
512.0 603.0 528.0 603.0 528.0 616.0 512.0 616.0 car 0
427.0 758.0 454.0 758.0 454.0 781.0 427.0 781.0 car 0
465.0 716.0 494.0 716.0 494.0 734.0 465.0 734.0 car 0
387.0 811.0 412.0 811.0 412.0 836.0 387.0 836.0 car 0
346.0 854.0 373.0 854.0 373.0 880.0 346.0 880.0 car 0
312.0 781.0 343.0 781.0 343.0 801.0 312.0 801.0 car 0
339.0 674.0 368.0 674.0 368.0 697.0 339.0 697.0 car 0
377.0 689.0 395.0 689.0 395.0 711.0 377.0 711.0 car 0
400.0 647.0 423.0 647.0 423.0 671.0 400.0 671.0 car 0
489.0 499.0 505.0 499.0 505.0 511.0 489.0 511.0 car 0
0.0 243.0 343.0 243.0 343.0 403.0 0.0 403.0 ignored 0
323.0 373.0 468.0 373.0 468.0 534.0 323.0 534.0 ignored 0
407.0 494.0 431.0 494.0 431.0 527.0 407.0 527.0 truck 0
400.0 453.0 414.0 453.0 414.0 474.0 400.0 474.0 truck 0
