78.0 171.0 84.0 171.0 84.0 184.0 78.0 184.0 people 0
84.0 159.0 91.0 159.0 91.0 173.0 84.0 173.0 people 0
293.0 174.0 289.0 175.0 287.0 157.0 292.0 156.0 people 0
275.0 178.0 270.0 178.0 269.0 160.0 273.0 160.0 people 0
500.0 986.0 509.0 1028.0 398.0 1050.0 390.0 1008.0 car 2
470.0 943.0 487.0 981.0 388.0 1023.0 372.0 984.0 car 0
260.0 868.0 291.0 891.0 246.0 950.0 216.0 927.0 car 0
370.0 904.0 386.0 940.0 307.0 975.0 291.0 940.0 car 0
323.0 882.0 351.0 914.0 290.0 967.0 263.0 935.0 car 0
422.0 908.0 444.0 956.0 342.0 1002.0 320.0 953.0 car 0
190.0 886.0 224.0 908.0 192.0 958.0 158.0 937.0 car 0
767.0 862.0 836.0 909.0 808.0 952.0 738.0 904.0 car 0
822.0 923.0 874.0 926.0 865.0 1052.0 813.0 1049.0 truck 2
783.0 256.0 800.0 256.0 800.0 276.0 783.0 276.0 car 0
1022.0 566.0 1020.0 604.0 989.0 604.0 990.0 565.0 car 0
992.0 460.0 991.0 493.0 964.0 493.0 965.0 459.0 car 0
999.0 254.0 998.0 277.0 975.0 277.0 976.0 253.0 car 0
992.0 207.0 991.0 230.0 971.0 230.0 972.0 207.0 car 0
985.0 151.0 984.0 171.0 966.0 171.0 967.0 151.0 car 0
952.0 372.0 961.0 372.0 961.0 398.0 952.0 398.0 motor 0
922.0 385.0 945.0 385.0 945.0 419.0 922.0 419.0 truck 0
986.0 9.0 985.0 27.0 967.0 27.0 968.0 9.0 car 0
1003.0 31.0 1002.0 48.0 982.0 48.0 983.0 31.0 car 0
942.0 13.0 949.0 13.0 949.0 21.0 942.0 21.0 traffic-sign 0
951.0 13.0 957.0 13.0 957.0 21.0 951.0 21.0 traffic-sign 0
960.0 13.0 966.0 13.0 966.0 21.0 960.0 21.0 traffic-sign 0
968.0 41.0 974.0 41.0 974.0 55.0 968.0 55.0 motor 0
966.0 78.0 972.0 78.0 972.0 90.0 966.0 90.0 motor 0
