0.0 664.0 70.0 664.0 70.0 800.0 0.0 800.0 car 0
70.0 672.0 133.0 672.0 133.0 805.0 70.0 805.0 car 0
155.0 666.0 222.0 679.0 192.0 826.0 125.0 813.0 car 0
222.0 685.0 292.0 692.0 279.0 823.0 208.0 815.0 car 0
295.0 691.0 365.0 698.0 352.0 829.0 281.0 821.0 car 0
442.0 811.0 379.0 818.0 366.0 685.0 428.0 679.0 car 0
535.0 785.0 470.0 804.0 428.0 669.0 493.0 649.0 car 0
636.0 750.0 574.0 776.0 519.0 646.0 581.0 619.0 car 0
676.0 710.0 619.0 728.0 587.0 628.0 645.0 610.0 car 0
825.0 621.0 780.0 658.0 686.0 546.0 730.0 509.0 car 0
869.0 549.0 825.0 594.0 722.0 493.0 765.0 448.0 car 0
929.0 424.0 909.0 476.0 778.0 426.0 799.0 374.0 car 0
958.0 364.0 935.0 423.0 809.0 373.0 832.0 315.0 car 0
301.0 515.0 280.0 567.0 144.0 514.0 165.0 462.0 car 0
295.0 433.0 274.0 485.0 138.0 432.0 159.0 380.0 car 0
311.0 369.0 289.0 425.0 153.0 372.0 175.0 316.0 car 0
367.0 259.0 333.0 301.0 222.0 213.0 255.0 170.0 car 0
130.0 55.0 58.0 146.0 0.0 100.0 72.0 8.0 car 0
324.0 317.0 300.0 365.0 172.0 301.0 197.0 252.0 car 0
414.0 214.0 380.0 256.0 269.0 168.0 302.0 125.0 car 0
482.0 193.0 438.0 229.0 332.0 104.0 376.0 67.0 car 0
519.0 147.0 473.0 179.0 394.0 62.0 439.0 31.0 car 0
563.0 150.0 491.0 153.0 485.0 2.0 557.0 0.0 car 0
586.0 37.0 650.0 54.0 616.0 182.0 552.0 164.0 car 0
715.0 108.0 783.0 127.0 747.0 263.0 678.0 244.0 car 0
831.0 316.0 955.0 362.0 933.0 421.0 809.0 374.0 car 0
971.0 201.0 902.0 203.0 896.0 64.0 966.0 61.0 car 0
681.0 603.0 732.0 603.0 732.0 640.0 681.0 640.0 motor 0
840.0 785.0 790.0 795.0 782.0 759.0 832.0 749.0 motor 0
985.0 232.0 1044.0 232.0 1044.0 263.0 985.0 263.0 motor 2
819.0 1076.0 798.0 1078.0 787.0 962.0 808.0 960.0 traffic-sign 2
792.0 807.0 844.0 807.0 844.0 876.0 792.0 876.0 traffic-sign 0
