99.0 8.0 109.0 9.0 108.0 22.0 98.0 21.0 car 0
113.0 65.0 126.0 65.0 126.0 78.0 113.0 78.0 car 0
168.0 16.0 177.0 16.0 177.0 27.0 168.0 27.0 car 0
185.0 42.0 194.0 42.0 194.0 51.0 185.0 51.0 car 0
147.0 111.0 138.0 112.0 135.0 96.0 144.0 95.0 car 0
168.0 133.0 155.0 137.0 151.0 122.0 164.0 118.0 car 0
224.0 89.0 234.0 89.0 234.0 103.0 224.0 103.0 car 0
242.0 197.0 231.0 210.0 217.0 198.0 229.0 185.0 car 0
270.0 211.0 260.0 220.0 245.0 206.0 255.0 196.0 car 0
316.0 235.0 307.0 247.0 288.0 233.0 297.0 221.0 car 0
349.0 198.0 341.0 209.0 325.0 196.0 333.0 186.0 car 0
421.0 243.0 413.0 256.0 392.0 244.0 400.0 230.0 car 0
432.0 242.0 455.0 252.0 450.0 266.0 427.0 256.0 car 0
405.0 286.0 428.0 296.0 422.0 309.0 399.0 300.0 car 0
493.0 330.0 516.0 340.0 510.0 353.0 487.0 344.0 car 0
304.0 164.0 278.0 170.0 275.0 154.0 300.0 149.0 ignored 0
268.0 96.0 271.0 96.0 271.0 105.0 268.0 105.0 people 0
277.0 84.0 283.0 84.0 283.0 96.0 277.0 96.0 people 0
262.0 63.0 266.0 63.0 266.0 74.0 262.0 74.0 traffic-light 0
255.0 63.0 258.0 63.0 258.0 74.0 255.0 74.0 traffic-light 0
684.0 422.0 717.0 436.0 711.0 451.0 678.0 438.0 car 0
762.0 442.0 796.0 456.0 789.0 473.0 755.0 459.0 car 0
807.0 468.0 837.0 480.0 832.0 494.0 801.0 482.0 car 0
785.0 389.0 843.0 413.0 832.0 438.0 775.0 414.0 bus 0
954.0 345.0 902.0 347.0 901.0 330.0 953.0 329.0 truck 0
857.0 295.0 863.0 295.0 863.0 309.0 857.0 309.0 people 0
875.0 303.0 881.0 303.0 881.0 318.0 875.0 318.0 people 0
667.0 196.0 649.0 197.0 648.0 184.0 666.0 183.0 car 0
580.0 124.0 598.0 124.0 598.0 133.0 580.0 133.0 car 0
815.0 973.0 828.0 977.0 821.0 1000.0 808.0 996.0 people 0
29.0 967.0 6.0 981.0 -17.0 941.0 7.0 928.0 car 2
60.0 965.0 37.0 979.0 19.0 947.0 42.0 933.0 car 0
93.0 959.0 72.0 970.0 53.0 938.0 74.0 926.0 car 0
68.0 1005.0 48.0 1023.0 16.0 985.0 36.0 968.0 car 0
97.0 1005.0 73.0 1019.0 51.0 980.0 76.0 967.0 car 0
124.0 957.0 102.0 975.0 73.0 941.0 95.0 923.0 car 0
220.0 808.0 236.0 824.0 212.0 848.0 196.0 833.0 car 0
161.0 997.0 139.0 1015.0 110.0 981.0 132.0 963.0 car 0
310.0 1031.0 244.0 1038.0 242.0 1013.0 307.0 1006.0 car 2
298.0 947.0 278.0 960.0 252.0 922.0 271.0 909.0 car 0
380.0 913.0 365.0 931.0 328.0 903.0 343.0 884.0 car 0
348.0 916.0 335.0 933.0 302.0 907.0 316.0 890.0 car 0
315.0 924.0 300.0 943.0 265.0 916.0 280.0 897.0 car 0
296.0 807.0 321.0 809.0 319.0 831.0 294.0 830.0 car 0
431.0 799.0 452.0 807.0 443.0 829.0 423.0 822.0 car 0
644.0 820.0 618.0 822.0 617.0 797.0 644.0 796.0 car 0
663.0 793.0 687.0 794.0 686.0 817.0 661.0 816.0 car 0
524.0 867.0 506.0 882.0 476.0 847.0 494.0 831.0 car 0
553.0 864.0 535.0 880.0 505.0 845.0 522.0 829.0 car 0
574.0 866.0 556.0 876.0 536.0 839.0 554.0 829.0 car 0
603.0 865.0 586.0 876.0 563.0 842.0 580.0 831.0 car 0
630.0 856.0 612.0 871.0 581.0 835.0 598.0 820.0 truck 0
661.0 855.0 647.0 870.0 617.0 842.0 631.0 827.0 car 0
689.0 857.0 676.0 871.0 640.0 837.0 653.0 823.0 car 0
717.0 857.0 704.0 871.0 668.0 836.0 681.0 823.0 car 0
607.0 927.0 587.0 945.0 555.0 908.0 575.0 890.0 car 0
673.0 929.0 654.0 946.0 621.0 907.0 640.0 890.0 car 0
703.0 927.0 684.0 944.0 651.0 905.0 670.0 888.0 car 0
730.0 921.0 711.0 938.0 678.0 899.0 697.0 882.0 car 0
626.0 913.0 608.0 929.0 584.0 901.0 603.0 885.0 car 0
675.0 943.0 645.0 983.0 592.0 941.0 622.0 902.0 truck 0
689.0 967.0 674.0 981.0 655.0 958.0 670.0 945.0 car 0
740.0 1026.0 721.0 1046.0 684.0 1012.0 704.0 991.0 truck 2
808.0 1023.0 785.0 1048.0 743.0 1008.0 766.0 983.0 truck 2
757.0 787.0 781.0 788.0 780.0 811.0 755.0 810.0 car 0
802.0 786.0 829.0 787.0 828.0 810.0 800.0 809.0 car 0
847.0 781.0 875.0 783.0 873.0 806.0 846.0 805.0 car 0
897.0 784.0 925.0 786.0 924.0 805.0 896.0 804.0 car 0
940.0 773.0 965.0 775.0 963.0 801.0 938.0 800.0 car 0
771.0 854.0 759.0 869.0 720.0 838.0 731.0 823.0 car 0
796.0 852.0 783.0 866.0 747.0 831.0 760.0 818.0 car 0
852.0 843.0 840.0 863.0 792.0 833.0 804.0 813.0 car 0
879.0 851.0 862.0 867.0 829.0 829.0 847.0 813.0 car 0
901.0 838.0 886.0 856.0 847.0 826.0 861.0 807.0 car 0
924.0 840.0 908.0 858.0 871.0 823.0 888.0 806.0 car 0
809.0 911.0 797.0 930.0 750.0 901.0 762.0 882.0 car 0
841.0 910.0 820.0 932.0 784.0 897.0 804.0 876.0 car 0
759.0 969.0 739.0 991.0 693.0 947.0 713.0 926.0 car 0
781.0 968.0 765.0 982.0 732.0 942.0 748.0 929.0 car 0
806.0 962.0 789.0 976.0 759.0 942.0 777.0 928.0 car 0
835.0 956.0 814.0 974.0 779.0 933.0 800.0 916.0 car 0
859.0 956.0 843.0 970.0 811.0 932.0 827.0 919.0 car 0
887.0 951.0 870.0 965.0 836.0 925.0 852.0 912.0 car 0
883.0 1010.0 871.0 1030.0 828.0 1002.0 840.0 983.0 car 2
975.0 974.0 962.0 995.0 911.0 963.0 924.0 943.0 car 0
911.0 1004.0 884.0 1019.0 870.0 994.0 897.0 980.0 car 0
1016.0 996.0 928.0 1023.0 919.0 991.0 1007.0 965.0 ignored 0
970.0 938.0 957.0 959.0 906.0 927.0 919.0 907.0 car 0
1005.0 939.0 992.0 960.0 941.0 928.0 954.0 908.0 car 0
919.0 903.0 906.0 924.0 855.0 892.0 868.0 872.0 car 0
947.0 896.0 934.0 917.0 883.0 885.0 896.0 865.0 car 0
972.0 905.0 957.0 920.0 922.0 882.0 937.0 868.0 car 0
998.0 896.0 978.0 915.0 948.0 883.0 968.0 865.0 car 0
1023.0 891.0 1008.0 905.0 987.0 883.0 1002.0 870.0 car 0
1022.0 940.0 1008.0 953.0 977.0 919.0 991.0 907.0 car 0
1023.0 914.0 1011.0 925.0 999.0 912.0 1011.0 902.0 car 0
951.0 837.0 935.0 855.0 898.0 820.0 915.0 803.0 car 0
974.0 836.0 961.0 851.0 927.0 819.0 941.0 805.0 car 0
998.0 834.0 985.0 849.0 951.0 817.0 965.0 803.0 car 0
1023.0 823.0 1010.0 840.0 969.0 809.0 983.0 792.0 truck 0
