575.0 193.0 307.0 198.0 305.0 82.0 573.0 77.0 car 0
646.0 967.0 -149.0 1022.0 -163.0 827.0 633.0 771.0 traffic-light 2
121.0 528.0 6.0 539.0 -1.0 475.0 115.0 463.0 motor 2
335.0 584.0 211.0 592.0 206.0 517.0 330.0 508.0 motor 0
195.0 640.0 318.0 643.0 316.0 706.0 193.0 703.0 motor 0
-9.0 717.0 137.0 721.0 134.0 796.0 -11.0 792.0 motor 2
-46.0 661.0 78.0 665.0 76.0 728.0 -48.0 724.0 motor 2
673.0 609.0 796.0 612.0 794.0 675.0 671.0 672.0 motor 0
675.0 533.0 804.0 533.0 804.0 597.0 675.0 597.0 bicycle 0
998.0 667.0 1029.0 667.0 1029.0 763.0 998.0 763.0 people 2
960.0 801.0 1036.0 801.0 1036.0 917.0 960.0 917.0 people 2
682.0 582.0 724.0 582.0 724.0 671.0 682.0 671.0 people 0
718.0 576.0 761.0 576.0 761.0 666.0 718.0 666.0 people 0
717.0 505.0 759.0 505.0 759.0 599.0 717.0 599.0 people 0
208.0 612.0 283.0 612.0 283.0 699.0 208.0 699.0 people 0
230.0 482.0 289.0 483.0 288.0 593.0 229.0 592.0 people 0
87.0 527.0 29.0 533.0 20.0 446.0 78.0 440.0 people 0
-27.0 637.0 31.0 637.0 31.0 725.0 -27.0 725.0 people 2
104.0 793.0 37.0 799.0 26.0 687.0 93.0 680.0 people 0
158.0 951.0 -30.0 970.0 -36.0 908.0 152.0 889.0 traffic-sign 2
