797.0 522.0 957.0 522.0 957.0 461.0 797.0 461.0 car 0
901.0 534.0 960.0 534.0 960.0 556.0 901.0 556.0 motor 0
955.0 548.0 1014.0 548.0 1014.0 570.0 955.0 570.0 motor 0
987.0 602.0 1046.0 608.0 1044.0 630.0 985.0 624.0 motor 2
601.0 687.0 625.0 694.0 611.0 740.0 587.0 732.0 traffic-light 0
210.0 582.0 251.0 610.0 230.0 639.0 189.0 611.0 motor 0
228.0 583.0 242.0 592.0 218.0 625.0 205.0 616.0 people 0
235.0 588.0 249.0 597.0 225.0 630.0 212.0 621.0 people 0
179.0 84.0 299.0 84.0 299.0 130.0 179.0 130.0 car 0
223.0 112.0 342.0 124.0 338.0 169.0 218.0 157.0 car 0
140.0 26.0 260.0 38.0 255.0 84.0 136.0 72.0 car 0
-11.0 37.0 90.0 37.0 90.0 88.0 -11.0 88.0 car 2
3.0 115.0 116.0 115.0 116.0 166.0 3.0 166.0 car 0
42.0 165.0 164.0 165.0 164.0 211.0 42.0 211.0 car 0
207.0 256.0 100.0 266.0 95.0 218.0 203.0 207.0 car 0
115.0 236.0 237.0 243.0 233.0 299.0 111.0 292.0 car 0
265.0 331.0 144.0 352.0 135.0 296.0 256.0 276.0 car 0
312.0 358.0 198.0 402.0 178.0 350.0 292.0 305.0 car 0
360.0 388.0 251.0 443.0 225.0 393.0 335.0 338.0 car 0
440.0 436.0 354.0 504.0 314.0 453.0 400.0 384.0 car 0
445.0 318.0 481.0 386.0 435.0 411.0 398.0 343.0 car 0
617.0 425.0 671.0 526.0 624.0 551.0 570.0 451.0 car 0
621.0 295.0 657.0 362.0 614.0 385.0 578.0 319.0 car 0
521.0 88.0 613.0 94.0 609.0 146.0 517.0 139.0 truck 0
21.0 397.0 68.0 422.0 21.0 508.0 -26.0 483.0 traffic-light 2
