285.0 64.0 318.0 64.0 318.0 102.0 285.0 102.0 traffic-sign 0
255.0 124.0 225.0 127.0 219.0 62.0 249.0 59.0 truck 0
712.0 296.0 733.0 298.0 729.0 330.0 709.0 327.0 traffic-sign 0
135.0 3.0 166.0 3.0 166.0 48.0 135.0 48.0 car 0
88.0 -3.0 98.0 -3.0 98.0 25.0 88.0 25.0 motor 2
110.0 155.0 137.0 155.0 137.0 205.0 110.0 205.0 truck 0
85.0 208.0 56.0 210.0 51.0 160.0 80.0 157.0 car 0
223.0 315.0 192.0 318.0 186.0 257.0 217.0 254.0 car 0
273.0 275.0 240.0 278.0 234.0 221.0 268.0 218.0 car 0
298.0 389.0 265.0 392.0 258.0 324.0 292.0 321.0 car 0
313.0 514.0 276.0 518.0 269.0 450.0 307.0 446.0 car 0
359.0 527.0 299.0 527.0 298.0 504.0 359.0 503.0 traffic-sign 0
262.0 579.0 222.0 583.0 209.0 461.0 250.0 457.0 truck 0
333.0 635.0 295.0 639.0 287.0 568.0 326.0 564.0 car 0
281.0 679.0 242.0 680.0 237.0 590.0 277.0 588.0 truck 0
359.0 775.0 318.0 780.0 309.0 692.0 351.0 687.0 car 0
388.0 933.0 340.0 937.0 329.0 832.0 378.0 828.0 car 0
303.0 934.0 259.0 938.0 249.0 843.0 294.0 839.0 car 0
277.0 789.0 236.0 793.0 227.0 708.0 269.0 704.0 car 0
197.0 739.0 158.0 744.0 149.0 663.0 189.0 658.0 car 0
210.0 869.0 166.0 873.0 156.0 780.0 201.0 776.0 car 0
217.0 986.0 175.0 990.0 164.0 887.0 207.0 883.0 car 0
424.0 844.0 445.0 844.0 445.0 870.0 424.0 870.0 traffic-sign 0
469.0 822.0 510.0 822.0 510.0 833.0 469.0 833.0 traffic-light 0
840.0 637.0 857.0 637.0 857.0 667.0 840.0 667.0 traffic-sign 0
