505.0 884.0 524.0 884.0 524.0 920.0 505.0 920.0 motor 0
653.0 848.0 676.0 848.0 676.0 882.0 653.0 882.0 motor 0
389.0 620.0 493.0 620.0 493.0 680.0 389.0 680.0 traffic-sign 0
381.0 530.0 428.0 530.0 428.0 600.0 381.0 600.0 truck 0
228.0 301.0 264.0 301.0 264.0 330.0 228.0 330.0 car 0
212.0 220.0 241.0 220.0 241.0 249.0 212.0 249.0 car 0
265.0 207.0 301.0 207.0 301.0 229.0 265.0 229.0 car 0
201.0 25.0 265.0 25.0 265.0 48.0 201.0 48.0 traffic-light 0
189.0 1.0 217.0 1.0 217.0 18.0 189.0 18.0 car 0
954.0 418.0 1025.0 421.0 1023.0 453.0 952.0 449.0 car 2
847.0 300.0 863.0 336.0 835.0 349.0 820.0 313.0 car 0
809.0 305.0 823.0 336.0 801.0 346.0 788.0 315.0 car 0
904.0 308.0 921.0 337.0 901.0 349.0 884.0 320.0 car 0
952.0 321.0 939.0 338.0 907.0 314.0 920.0 297.0 car 0
776.0 271.0 792.0 299.0 769.0 312.0 753.0 284.0 car 0
699.0 255.0 713.0 279.0 694.0 290.0 680.0 266.0 car 0
668.0 232.0 682.0 256.0 663.0 267.0 649.0 243.0 car 0
901.0 258.0 923.0 283.0 906.0 299.0 884.0 273.0 car 0
930.0 254.0 959.0 271.0 946.0 291.0 918.0 273.0 car 0
868.0 218.0 890.0 243.0 872.0 259.0 851.0 233.0 car 0
813.0 223.0 835.0 248.0 817.0 264.0 796.0 238.0 car 0
726.0 225.0 748.0 250.0 730.0 266.0 709.0 240.0 car 0
938.0 227.0 947.0 248.0 927.0 257.0 917.0 237.0 car 0
997.0 253.0 1019.0 278.0 1002.0 294.0 980.0 268.0 car 0
