282.0 59.0 303.0 59.0 303.0 91.0 282.0 91.0 car 0
284.0 89.0 306.0 89.0 306.0 121.0 284.0 121.0 car 0
279.0 124.0 301.0 124.0 301.0 155.0 279.0 155.0 car 0
289.0 -26.0 308.0 -26.0 308.0 28.0 289.0 28.0 car 2
464.0 471.0 479.0 471.0 479.0 496.0 464.0 496.0 traffic-light 0
511.0 473.0 523.0 473.0 523.0 498.0 511.0 498.0 traffic-light 0
698.0 554.0 705.0 554.0 705.0 572.0 698.0 572.0 traffic-light 0
587.0 485.0 593.0 485.0 593.0 505.0 587.0 505.0 traffic-light 0
769.0 499.0 777.0 499.0 777.0 517.0 769.0 517.0 traffic-light 0
625.0 613.0 637.0 613.0 637.0 633.0 625.0 633.0 traffic-light 0
628.0 642.0 638.0 642.0 638.0 661.0 628.0 661.0 traffic-light 0
719.0 735.0 730.0 735.0 730.0 761.0 719.0 761.0 traffic-light 0
597.0 822.0 609.0 822.0 609.0 842.0 597.0 842.0 traffic-light 0
393.0 725.0 407.0 725.0 407.0 748.0 393.0 748.0 traffic-light 0
238.0 560.0 247.0 560.0 247.0 580.0 238.0 580.0 traffic-light 0
176.0 541.0 183.0 541.0 183.0 558.0 176.0 558.0 traffic-light 0
173.0 515.0 182.0 515.0 182.0 537.0 173.0 537.0 traffic-light 0
46.0 822.0 55.0 822.0 55.0 839.0 46.0 839.0 traffic-light 0
392.0 925.0 417.0 925.0 417.0 964.0 392.0 964.0 motor 0
552.0 932.0 572.0 932.0 572.0 969.0 552.0 969.0 motor 0
335.0 700.0 371.0 700.0 371.0 773.0 335.0 773.0 car 0
521.0 251.0 549.0 251.0 549.0 297.0 521.0 297.0 car 0
507.0 151.0 537.0 151.0 537.0 181.0 507.0 181.0 car 0
682.0 672.0 693.0 672.0 693.0 702.0 682.0 702.0 people 0
671.0 670.0 682.0 670.0 682.0 696.0 671.0 696.0 people 0
643.0 736.0 653.0 736.0 653.0 755.0 643.0 755.0 traffic-light 0
172.0 455.0 180.0 455.0 180.0 477.0 172.0 477.0 traffic-light 0
205.0 577.0 217.0 577.0 217.0 611.0 205.0 611.0 people 0
185.0 548.0 199.0 548.0 199.0 587.0 185.0 587.0 people 0
560.0 525.0 571.0 525.0 571.0 545.0 560.0 545.0 people 0
299.0 494.0 308.0 494.0 308.0 512.0 299.0 512.0 traffic-light 0
223.0 528.0 241.0 528.0 241.0 557.0 223.0 557.0 motor 0
149.0 736.0 161.0 736.0 161.0 757.0 149.0 757.0 bicycle 0
731.0 899.0 746.0 899.0 746.0 923.0 731.0 923.0 traffic-light 0
