457.0 104.0 394.0 110.0 390.0 66.0 453.0 59.0 tricycle 0
367.0 39.0 403.0 44.0 400.0 67.0 364.0 62.0 motor 0
646.0 36.0 624.0 41.0 617.0 4.0 639.0 -1.0 people 2
516.0 69.0 482.0 74.0 477.0 44.0 512.0 39.0 motor 0
551.0 73.0 510.0 81.0 503.0 45.0 545.0 37.0 motor 0
721.0 87.0 752.0 88.0 750.0 121.0 719.0 119.0 motor 0
852.0 74.0 936.0 86.0 929.0 133.0 845.0 121.0 tricycle 0
829.0 120.0 893.0 127.0 888.0 168.0 825.0 162.0 ignored 0
785.0 87.0 796.0 87.0 796.0 107.0 785.0 107.0 traffic-sign 0
25.0 128.0 144.0 152.0 134.0 199.0 16.0 175.0 car 0
320.0 100.0 537.0 135.0 523.0 218.0 307.0 184.0 bus 0
140.0 270.0 271.0 297.0 261.0 342.0 131.0 315.0 car 0
280.0 343.0 306.0 369.0 277.0 400.0 250.0 375.0 car 0
284.0 668.0 265.0 678.0 244.0 639.0 263.0 628.0 motor 0
279.0 523.0 263.0 536.0 236.0 504.0 252.0 490.0 motor 0
495.0 313.0 608.0 330.0 600.0 382.0 488.0 364.0 car 0
670.0 336.0 814.0 360.0 803.0 423.0 659.0 399.0 car 0
801.0 295.0 916.0 314.0 906.0 370.0 792.0 352.0 truck 0
938.0 323.0 1072.0 345.0 1062.0 400.0 929.0 378.0 car 2
873.0 375.0 1003.0 403.0 992.0 452.0 862.0 424.0 car 0
791.0 402.0 972.0 433.0 956.0 523.0 776.0 492.0 bus 0
