106.0 0.0 128.0 0.0 128.0 15.0 106.0 15.0 car 0
172.0 0.0 191.0 0.0 191.0 9.0 172.0 9.0 car 0
167.0 40.0 192.0 40.0 192.0 60.0 167.0 60.0 car 0
227.0 41.0 253.0 41.0 253.0 64.0 227.0 64.0 car 0
96.0 37.0 117.0 37.0 117.0 68.0 96.0 68.0 truck 0
-11.0 101.0 18.0 101.0 18.0 124.0 -11.0 124.0 car 2
237.0 88.0 265.0 88.0 265.0 112.0 237.0 112.0 car 0
330.0 49.0 355.0 49.0 355.0 72.0 330.0 72.0 car 0
233.0 2.0 288.0 2.0 288.0 35.0 233.0 35.0 traffic-sign 0
310.0 2.0 365.0 2.0 365.0 35.0 310.0 35.0 traffic-sign 0
300.0 22.0 313.0 22.0 313.0 37.0 300.0 37.0 car 0
325.0 131.0 356.0 131.0 356.0 159.0 325.0 159.0 car 0
379.0 108.0 421.0 108.0 421.0 160.0 379.0 160.0 bus 0
196.0 186.0 214.0 186.0 214.0 200.0 196.0 200.0 traffic-sign 0
212.0 596.0 340.0 601.0 336.0 678.0 209.0 673.0 traffic-sign 0
390.0 599.0 521.0 606.0 517.0 683.0 386.0 677.0 traffic-sign 0
495.0 84.0 508.0 84.0 508.0 124.0 495.0 124.0 traffic-sign 0
478.0 56.0 494.0 56.0 494.0 82.0 478.0 82.0 traffic-sign 0
404.0 221.0 443.0 221.0 443.0 250.0 404.0 250.0 car 0
318.0 213.0 347.0 213.0 347.0 233.0 318.0 233.0 car 0
387.0 317.0 431.0 317.0 431.0 352.0 387.0 352.0 car 0
406.0 379.0 448.0 379.0 448.0 422.0 406.0 422.0 car 0
208.0 299.0 244.0 299.0 244.0 329.0 208.0 329.0 car 0
6.0 209.0 44.0 209.0 44.0 241.0 6.0 241.0 car 0
58.0 228.0 92.0 230.0 89.0 280.0 55.0 278.0 truck 0
148.0 305.0 187.0 307.0 185.0 340.0 147.0 338.0 car 0
264.0 444.0 221.0 444.0 220.0 403.0 264.0 402.0 car 0
213.0 513.0 259.0 513.0 259.0 559.0 213.0 559.0 car 0
475.0 986.0 396.0 989.0 391.0 886.0 470.0 882.0 car 0
890.0 783.0 955.0 783.0 955.0 804.0 890.0 804.0 traffic-sign 0
847.0 563.0 872.0 563.0 872.0 588.0 847.0 588.0 traffic-sign 0
708.0 526.0 733.0 526.0 733.0 550.0 708.0 550.0 traffic-sign 0
-435.0 138.0 663.0 138.0 663.0 225.0 -435.0 225.0 bridge 2
771.0 574.0 871.0 605.0 856.0 653.0 756.0 621.0 car 0
803.0 603.0 827.0 603.0 827.0 623.0 803.0 623.0 traffic-sign 0
880.0 562.0 905.0 562.0 905.0 587.0 880.0 587.0 traffic-sign 0
766.0 524.0 792.0 524.0 792.0 549.0 766.0 549.0 traffic-sign 0
738.0 524.0 764.0 524.0 764.0 549.0 738.0 549.0 traffic-sign 0
743.0 563.0 812.0 563.0 812.0 590.0 743.0 590.0 ignored 0
922.0 770.0 1009.0 770.0 1009.0 844.0 922.0 844.0 car 0
881.0 864.0 922.0 864.0 922.0 918.0 881.0 918.0 bicycle 0
1033.0 749.0 1011.0 752.0 1007.0 711.0 1029.0 709.0 motor 2
1013.0 721.0 991.0 723.0 986.0 683.0 1009.0 680.0 motor 0
1012.0 675.0 991.0 679.0 983.0 639.0 1004.0 634.0 motor 0
947.0 599.0 925.0 601.0 921.0 560.0 943.0 558.0 motor 0
929.0 555.0 906.0 558.0 902.0 526.0 926.0 523.0 motor 0
872.0 481.0 849.0 484.0 845.0 452.0 869.0 449.0 motor 0
807.0 439.0 789.0 440.0 788.0 415.0 806.0 414.0 motor 0
785.0 442.0 804.0 443.0 803.0 473.0 784.0 472.0 traffic-sign 0
523.0 117.0 544.0 117.0 544.0 140.0 523.0 140.0 motor 0
586.0 124.0 615.0 124.0 615.0 142.0 586.0 142.0 motor 0
598.0 147.0 618.0 147.0 618.0 168.0 598.0 168.0 motor 0
742.0 330.0 772.0 330.0 772.0 351.0 742.0 351.0 motor 0
541.0 143.0 562.0 143.0 562.0 163.0 541.0 163.0 people 0
609.0 292.0 580.0 303.0 550.0 232.0 578.0 220.0 ignored 0
