987.0 829.0 1023.0 829.0 1023.0 911.0 987.0 911.0 car 0
933.0 716.0 962.0 717.0 958.0 797.0 929.0 796.0 truck 0
961.0 597.0 992.0 601.0 982.0 676.0 951.0 671.0 car 0
904.0 437.0 925.0 437.0 925.0 490.0 904.0 490.0 car 0
809.0 919.0 826.0 919.0 826.0 959.0 809.0 959.0 motor 0
828.0 756.0 845.0 756.0 845.0 796.0 828.0 796.0 motor 0
882.0 337.0 982.0 337.0 982.0 375.0 882.0 375.0 traffic-sign 0
961.0 381.0 993.0 381.0 993.0 450.0 961.0 450.0 truck 0
991.0 172.0 1019.0 172.0 1019.0 215.0 991.0 215.0 car 0
643.0 -22.0 665.0 -22.0 665.0 32.0 643.0 32.0 truck 2
746.0 83.0 727.0 91.0 713.0 60.0 733.0 51.0 truck 0
605.0 179.0 593.0 194.0 566.0 173.0 579.0 157.0 car 0
637.0 32.0 619.0 39.0 609.0 15.0 627.0 8.0 tricycle 0
