208.0 292.0 249.0 304.0 228.0 375.0 187.0 362.0 car 0
156.0 431.0 197.0 443.0 176.0 514.0 135.0 501.0 car 0
106.0 593.0 148.0 606.0 128.0 672.0 86.0 659.0 car 0
147.0 800.0 193.0 814.0 170.0 891.0 124.0 876.0 car 0
169.0 734.0 214.0 747.0 194.0 813.0 149.0 799.0 car 0
188.0 660.0 233.0 673.0 213.0 739.0 168.0 725.0 car 0
222.0 594.0 267.0 607.0 247.0 673.0 202.0 659.0 car 0
244.0 475.0 290.0 489.0 272.0 550.0 226.0 535.0 car 0
261.0 424.0 309.0 438.0 293.0 492.0 245.0 477.0 car 0
286.0 373.0 324.0 384.0 308.0 439.0 270.0 427.0 car 0
306.0 322.0 344.0 333.0 328.0 388.0 290.0 376.0 car 0
325.0 271.0 361.0 286.0 339.0 338.0 303.0 323.0 car 0
528.0 744.0 585.0 755.0 570.0 833.0 512.0 822.0 car 0
571.0 876.0 537.0 988.0 474.0 968.0 507.0 857.0 truck 0
9.0 883.0 29.0 883.0 29.0 914.0 9.0 914.0 people 0
72.0 790.0 95.0 794.0 86.0 837.0 63.0 832.0 people 0
632.0 46.0 720.0 64.0 707.0 127.0 619.0 109.0 traffic-sign 0
795.0 572.0 852.0 583.0 837.0 661.0 779.0 650.0 car 0
880.0 113.0 922.0 117.0 916.0 175.0 874.0 170.0 car 0
989.0 312.0 982.0 388.0 931.0 384.0 938.0 307.0 truck 0
