1006.0 1045.0 871.0 1050.0 869.0 987.0 1003.0 981.0 motor 2
435.0 843.0 396.0 847.0 389.0 771.0 429.0 767.0 people 0
306.0 921.0 267.0 931.0 241.0 828.0 279.0 818.0 traffic-sign 0
750.0 914.0 791.0 915.0 790.0 1017.0 748.0 1017.0 people 0
418.0 834.0 372.0 839.0 361.0 727.0 408.0 722.0 people 0
448.0 502.0 502.0 502.0 502.0 572.0 448.0 572.0 people 0
394.0 524.0 341.0 526.0 340.0 487.0 394.0 486.0 people 0
469.0 503.0 434.0 506.0 429.0 445.0 465.0 442.0 people 0
395.0 503.0 362.0 509.0 350.0 447.0 383.0 441.0 people 0
434.0 486.0 397.0 493.0 389.0 453.0 426.0 446.0 people 0
291.0 240.0 321.0 240.0 321.0 316.0 291.0 316.0 people 0
478.0 267.0 448.0 268.0 447.0 192.0 477.0 191.0 people 0
879.0 435.0 820.0 437.0 819.0 386.0 878.0 384.0 people 0
891.0 476.0 860.0 477.0 858.0 430.0 890.0 429.0 people 0
558.0 181.0 531.0 184.0 523.0 114.0 551.0 111.0 people 0
584.0 177.0 557.0 180.0 549.0 110.0 577.0 107.0 people 0
465.0 191.0 432.0 195.0 424.0 126.0 458.0 122.0 people 0
524.0 156.0 491.0 160.0 483.0 91.0 517.0 87.0 people 0
674.0 192.0 639.0 196.0 633.0 144.0 669.0 140.0 people 0
737.0 135.0 766.0 135.0 766.0 178.0 737.0 178.0 people 0
771.0 211.0 745.0 214.0 740.0 157.0 766.0 154.0 people 0
711.0 44.0 685.0 47.0 680.0 -10.0 706.0 -13.0 people 2
317.0 47.0 342.0 47.0 342.0 106.0 317.0 106.0 people 0
321.0 87.0 292.0 90.0 288.0 49.0 316.0 47.0 people 0
360.0 -24.0 388.0 -21.0 383.0 28.0 354.0 25.0 people 2
360.0 33.0 331.0 36.0 327.0 -14.0 356.0 -16.0 people 2
