225.0 786.0 270.0 786.0 270.0 866.0 225.0 866.0 motor 0
171.0 838.0 216.0 838.0 216.0 918.0 171.0 918.0 motor 0
93.0 761.0 135.0 761.0 135.0 845.0 93.0 845.0 traffic-light 0
271.0 901.0 224.0 1024.0 147.0 995.0 195.0 871.0 car 0
29.0 119.0 78.0 134.0 44.0 245.0 -5.0 230.0 ignored 2
78.0 19.0 114.0 35.0 70.0 139.0 34.0 123.0 ignored 0
230.0 276.0 210.0 328.0 172.0 313.0 192.0 261.0 car 0
286.0 174.0 279.0 217.0 243.0 211.0 250.0 168.0 car 0
284.0 157.0 277.0 200.0 241.0 194.0 248.0 151.0 car 0
286.0 131.0 279.0 174.0 243.0 168.0 250.0 125.0 car 0
287.0 100.0 280.0 143.0 244.0 137.0 251.0 94.0 car 0
290.0 10.0 283.0 53.0 247.0 47.0 254.0 4.0 car 0
240.0 43.0 331.0 43.0 331.0 108.0 240.0 108.0 traffic-sign 0
1103.0 616.0 1007.0 682.0 919.0 554.0 1016.0 488.0 car 2
796.0 338.0 721.0 380.0 672.0 290.0 747.0 248.0 car 0
619.0 258.0 556.0 293.0 507.0 203.0 570.0 168.0 car 0
636.0 62.0 585.0 90.0 565.0 54.0 616.0 26.0 car 0
692.0 27.0 641.0 29.0 640.0 2.0 690.0 0.0 car 0
932.0 134.0 881.0 169.0 850.0 124.0 901.0 88.0 car 0
