178.0 972.0 185.0 972.0 185.0 996.0 178.0 996.0 people 0
190.0 1000.0 280.0 1000.0 280.0 1037.0 190.0 1037.0 car 2
30.0 811.0 2.0 827.0 -23.0 781.0 5.0 765.0 car 2
69.0 813.0 41.0 829.0 15.0 782.0 44.0 767.0 car 0
98.0 805.0 70.0 821.0 44.0 774.0 73.0 759.0 car 0
28.0 674.0 77.0 674.0 77.0 708.0 28.0 708.0 car 0
163.0 683.0 111.0 706.0 99.0 677.0 151.0 654.0 car 0
2.0 161.0 19.0 161.0 19.0 178.0 2.0 178.0 car 0
22.0 159.0 39.0 159.0 39.0 176.0 22.0 176.0 car 0
104.0 156.0 124.0 156.0 124.0 176.0 104.0 176.0 car 0
122.0 156.0 143.0 156.0 143.0 177.0 122.0 177.0 car 0
142.0 158.0 161.0 158.0 161.0 174.0 142.0 174.0 car 0
160.0 157.0 183.0 157.0 183.0 176.0 160.0 176.0 car 0
182.0 157.0 205.0 157.0 205.0 176.0 182.0 176.0 car 0
202.0 154.0 227.0 154.0 227.0 176.0 202.0 176.0 car 0
224.0 159.0 249.0 159.0 249.0 177.0 224.0 177.0 car 0
262.0 155.0 285.0 155.0 285.0 175.0 262.0 175.0 car 0
303.0 149.0 331.0 149.0 331.0 172.0 303.0 172.0 car 0
185.0 205.0 237.0 205.0 237.0 230.0 185.0 230.0 truck 0
515.0 125.0 556.0 125.0 556.0 142.0 515.0 142.0 car 0
141.0 264.0 172.0 264.0 172.0 285.0 141.0 285.0 car 0
160.0 192.0 190.0 192.0 190.0 210.0 160.0 210.0 car 0
171.0 202.0 201.0 202.0 201.0 220.0 171.0 220.0 car 0
312.0 446.0 367.0 446.0 367.0 467.0 312.0 467.0 truck 0
311.0 481.0 320.0 481.0 320.0 502.0 311.0 502.0 people 0
325.0 507.0 334.0 507.0 334.0 529.0 325.0 529.0 people 0
132.0 805.0 104.0 821.0 78.0 774.0 107.0 759.0 car 0
169.0 804.0 141.0 820.0 115.0 773.0 144.0 758.0 car 0
202.0 806.0 174.0 822.0 148.0 775.0 177.0 760.0 car 0
235.0 802.0 207.0 818.0 181.0 771.0 210.0 756.0 car 0
276.0 807.0 248.0 823.0 222.0 776.0 251.0 761.0 car 0
312.0 799.0 284.0 815.0 258.0 768.0 287.0 753.0 car 0
247.0 759.0 223.0 779.0 189.0 739.0 213.0 718.0 car 0
204.0 761.0 184.0 779.0 149.0 737.0 169.0 720.0 car 0
167.0 767.0 145.0 783.0 114.0 738.0 136.0 722.0 car 0
171.0 529.0 235.0 529.0 235.0 552.0 171.0 552.0 car 0
291.0 751.0 260.0 778.0 206.0 713.0 237.0 687.0 truck 0
-21.0 332.0 23.0 332.0 23.0 344.0 -21.0 344.0 car 2
-8.0 339.0 36.0 339.0 36.0 356.0 -8.0 356.0 car 2
5.0 348.0 49.0 348.0 49.0 365.0 5.0 365.0 car 0
10.0 359.0 54.0 359.0 54.0 376.0 10.0 376.0 car 0
23.0 367.0 67.0 367.0 67.0 384.0 23.0 384.0 car 0
81.0 429.0 130.0 429.0 130.0 448.0 81.0 448.0 car 0
29.0 376.0 73.0 376.0 73.0 393.0 29.0 393.0 car 0
41.0 387.0 85.0 387.0 85.0 404.0 41.0 404.0 car 0
49.0 396.0 93.0 396.0 93.0 413.0 49.0 413.0 car 0
62.0 404.0 106.0 404.0 106.0 421.0 62.0 421.0 car 0
108.0 463.0 160.0 463.0 160.0 481.0 108.0 481.0 car 0
15.0 310.0 59.0 310.0 59.0 327.0 15.0 327.0 car 0
25.0 319.0 69.0 319.0 69.0 336.0 25.0 336.0 car 0
53.0 344.0 102.0 344.0 102.0 365.0 53.0 365.0 car 0
34.0 326.0 78.0 326.0 78.0 343.0 34.0 343.0 car 0
45.0 334.0 89.0 334.0 89.0 351.0 45.0 351.0 car 0
761.0 794.0 727.0 837.0 661.0 784.0 695.0 741.0 truck 0
789.0 796.0 769.0 821.0 727.0 788.0 746.0 763.0 truck 0
65.0 415.0 109.0 415.0 109.0 432.0 65.0 432.0 car 0
125.0 473.0 177.0 473.0 177.0 491.0 125.0 491.0 car 0
139.0 485.0 193.0 485.0 193.0 507.0 139.0 507.0 car 0
74.0 364.0 123.0 364.0 123.0 383.0 74.0 383.0 car 0
86.0 373.0 135.0 373.0 135.0 392.0 86.0 392.0 car 0
97.0 384.0 146.0 384.0 146.0 403.0 97.0 403.0 car 0
116.0 407.0 165.0 407.0 165.0 426.0 116.0 426.0 car 0
207.0 498.0 263.0 498.0 263.0 519.0 207.0 519.0 car 0
142.0 421.0 191.0 421.0 191.0 440.0 142.0 440.0 car 0
148.0 434.0 197.0 434.0 197.0 453.0 148.0 453.0 car 0
162.0 444.0 211.0 444.0 211.0 463.0 162.0 463.0 car 0
174.0 459.0 223.0 459.0 223.0 478.0 174.0 478.0 car 0
186.0 471.0 235.0 471.0 235.0 490.0 186.0 490.0 car 0
199.0 482.0 248.0 482.0 248.0 501.0 199.0 501.0 car 0
129.0 310.0 177.0 310.0 177.0 326.0 129.0 326.0 car 0
138.0 319.0 186.0 319.0 186.0 335.0 138.0 335.0 car 0
156.0 335.0 204.0 335.0 204.0 351.0 156.0 351.0 car 0
210.0 383.0 258.0 383.0 258.0 399.0 210.0 399.0 car 0
168.0 339.0 216.0 339.0 216.0 355.0 168.0 355.0 car 0
181.0 351.0 229.0 351.0 229.0 367.0 181.0 367.0 car 0
190.0 363.0 238.0 363.0 238.0 379.0 190.0 379.0 car 0
198.0 371.0 246.0 371.0 246.0 387.0 198.0 387.0 car 0
316.0 470.0 364.0 470.0 364.0 486.0 316.0 486.0 car 0
228.0 391.0 276.0 391.0 276.0 407.0 228.0 407.0 car 0
242.0 401.0 290.0 401.0 290.0 417.0 242.0 417.0 car 0
249.0 411.0 297.0 411.0 297.0 427.0 249.0 427.0 car 0
261.0 424.0 309.0 424.0 309.0 440.0 261.0 440.0 car 0
275.0 434.0 323.0 434.0 323.0 450.0 275.0 450.0 car 0
285.0 444.0 333.0 444.0 333.0 460.0 285.0 460.0 car 0
329.0 481.0 377.0 481.0 377.0 497.0 329.0 497.0 car 0
345.0 496.0 393.0 496.0 393.0 512.0 345.0 512.0 car 0
411.0 521.0 364.0 530.0 359.0 510.0 407.0 500.0 car 0
431.0 538.0 384.0 548.0 380.0 527.0 427.0 518.0 car 0
440.0 550.0 393.0 560.0 389.0 539.0 436.0 530.0 car 0
459.0 564.0 412.0 574.0 408.0 553.0 455.0 544.0 car 0
477.0 576.0 430.0 586.0 426.0 565.0 473.0 556.0 car 0
493.0 590.0 446.0 600.0 442.0 579.0 489.0 570.0 car 0
508.0 606.0 461.0 616.0 457.0 595.0 504.0 586.0 car 0
523.0 621.0 476.0 631.0 472.0 610.0 519.0 601.0 car 0
540.0 634.0 493.0 644.0 489.0 623.0 536.0 614.0 car 0
556.0 649.0 509.0 659.0 505.0 638.0 552.0 629.0 car 0
607.0 680.0 545.0 693.0 541.0 671.0 603.0 659.0 car 0
576.0 662.0 529.0 672.0 525.0 651.0 572.0 642.0 car 0
706.0 766.0 644.0 779.0 640.0 757.0 702.0 745.0 car 0
627.0 695.0 565.0 708.0 561.0 686.0 623.0 674.0 car 0
644.0 711.0 582.0 724.0 578.0 702.0 640.0 690.0 car 0
664.0 727.0 602.0 740.0 598.0 718.0 660.0 706.0 car 0
686.0 743.0 624.0 756.0 620.0 734.0 682.0 722.0 car 0
628.0 672.0 694.0 679.0 692.0 704.0 625.0 697.0 car 0
578.0 634.0 644.0 641.0 642.0 666.0 575.0 659.0 car 0
562.0 620.0 628.0 627.0 626.0 652.0 559.0 645.0 car 0
538.0 600.0 604.0 607.0 602.0 632.0 535.0 625.0 car 0
531.0 582.0 597.0 589.0 595.0 614.0 528.0 607.0 car 0
505.0 572.0 571.0 579.0 569.0 604.0 502.0 597.0 car 0
489.0 559.0 555.0 566.0 553.0 591.0 486.0 584.0 car 0
476.0 545.0 542.0 552.0 540.0 577.0 473.0 570.0 car 0
441.0 516.0 507.0 523.0 505.0 548.0 438.0 541.0 car 0
457.0 529.0 523.0 536.0 521.0 561.0 454.0 554.0 car 0
427.0 500.0 479.0 506.0 476.0 528.0 424.0 523.0 car 0
392.0 475.0 444.0 481.0 441.0 503.0 389.0 498.0 car 0
409.0 489.0 461.0 495.0 458.0 517.0 406.0 512.0 car 0
381.0 465.0 433.0 471.0 430.0 493.0 378.0 488.0 car 0
331.0 424.0 383.0 430.0 380.0 452.0 328.0 447.0 car 0
372.0 452.0 424.0 458.0 421.0 480.0 369.0 475.0 car 0
309.0 413.0 361.0 419.0 358.0 441.0 306.0 436.0 car 0
296.0 397.0 348.0 403.0 345.0 425.0 293.0 420.0 car 0
267.0 380.0 319.0 386.0 316.0 408.0 264.0 403.0 car 0
256.0 368.0 308.0 374.0 305.0 396.0 253.0 391.0 car 0
238.0 351.0 287.0 356.0 284.0 379.0 235.0 374.0 car 0
226.0 342.0 265.0 346.0 264.0 363.0 225.0 360.0 car 0
192.0 312.0 231.0 316.0 230.0 333.0 191.0 330.0 car 0
213.0 328.0 252.0 332.0 251.0 349.0 212.0 346.0 car 0
242.0 269.0 271.0 269.0 271.0 287.0 242.0 287.0 car 0
273.0 280.0 305.0 280.0 305.0 294.0 273.0 294.0 car 0
290.0 295.0 334.0 295.0 334.0 315.0 290.0 315.0 car 0
307.0 313.0 341.0 313.0 341.0 333.0 307.0 333.0 car 0
352.0 347.0 314.0 355.0 310.0 337.0 348.0 330.0 car 0
362.0 358.0 388.0 358.0 388.0 380.0 362.0 380.0 car 0
385.0 371.0 406.0 371.0 406.0 398.0 385.0 398.0 car 0
411.0 393.0 436.0 393.0 436.0 419.0 411.0 419.0 car 0
547.0 515.0 570.0 515.0 570.0 539.0 547.0 539.0 car 0
582.0 540.0 607.0 540.0 607.0 570.0 582.0 570.0 car 0
622.0 556.0 647.0 556.0 647.0 583.0 622.0 583.0 car 0
650.0 582.0 680.0 582.0 680.0 612.0 650.0 612.0 car 0
687.0 607.0 714.0 607.0 714.0 637.0 687.0 637.0 car 0
721.0 640.0 743.0 640.0 743.0 664.0 721.0 664.0 car 0
742.0 664.0 765.0 664.0 765.0 691.0 742.0 691.0 car 0
816.0 704.0 856.0 738.0 836.0 762.0 796.0 728.0 car 0
747.0 743.0 806.0 793.0 786.0 816.0 727.0 766.0 car 0
515.0 850.0 538.0 850.0 538.0 870.0 515.0 870.0 motor 0
597.0 834.0 618.0 834.0 618.0 855.0 597.0 855.0 motor 0
773.0 670.0 802.0 670.0 802.0 691.0 773.0 691.0 motor 0
859.0 803.0 874.0 803.0 874.0 830.0 859.0 830.0 motor 0
129.0 629.0 167.0 629.0 167.0 653.0 129.0 653.0 motor 0
212.0 553.0 266.0 553.0 266.0 572.0 212.0 572.0 car 0
220.0 569.0 274.0 569.0 274.0 588.0 220.0 588.0 car 0
232.0 581.0 286.0 581.0 286.0 600.0 232.0 600.0 car 0
247.0 597.0 301.0 597.0 301.0 616.0 247.0 616.0 car 0
311.0 652.0 371.0 652.0 371.0 673.0 311.0 673.0 car 0
264.0 607.0 318.0 607.0 318.0 626.0 264.0 626.0 car 0
278.0 623.0 332.0 623.0 332.0 642.0 278.0 642.0 car 0
294.0 637.0 353.0 637.0 353.0 664.0 294.0 664.0 car 0
329.0 674.0 389.0 674.0 389.0 695.0 329.0 695.0 car 0
346.0 688.0 415.0 688.0 415.0 711.0 346.0 711.0 car 0
358.0 702.0 427.0 702.0 427.0 725.0 358.0 725.0 car 0
376.0 719.0 445.0 719.0 445.0 742.0 376.0 742.0 car 0
498.0 793.0 430.0 800.0 428.0 777.0 496.0 770.0 car 0
390.0 737.0 459.0 737.0 459.0 760.0 390.0 760.0 car 0
408.0 754.0 477.0 754.0 477.0 777.0 408.0 777.0 car 0
516.0 810.0 448.0 817.0 445.0 794.0 514.0 788.0 car 0
541.0 837.0 471.0 845.0 468.0 813.0 538.0 806.0 car 0
258.0 540.0 315.0 540.0 315.0 557.0 258.0 557.0 car 0
275.0 553.0 332.0 553.0 332.0 570.0 275.0 570.0 car 0
287.0 566.0 344.0 566.0 344.0 583.0 287.0 583.0 car 0
299.0 581.0 356.0 581.0 356.0 598.0 299.0 598.0 car 0
335.0 608.0 392.0 608.0 392.0 625.0 335.0 625.0 car 0
310.0 590.0 367.0 590.0 367.0 607.0 310.0 607.0 car 0
343.0 623.0 400.0 623.0 400.0 640.0 343.0 640.0 car 0
366.0 636.0 423.0 636.0 423.0 653.0 366.0 653.0 car 0
391.0 665.0 457.0 665.0 457.0 687.0 391.0 687.0 car 0
375.0 650.0 432.0 650.0 432.0 667.0 375.0 667.0 car 0
412.0 683.0 478.0 683.0 478.0 705.0 412.0 705.0 car 0
482.0 751.0 548.0 751.0 548.0 773.0 482.0 773.0 car 0
431.0 696.0 497.0 696.0 497.0 718.0 431.0 718.0 car 0
444.0 714.0 510.0 714.0 510.0 736.0 444.0 736.0 car 0
465.0 733.0 531.0 733.0 531.0 755.0 465.0 755.0 car 0
552.0 809.0 625.0 809.0 625.0 836.0 552.0 836.0 car 0
508.0 768.0 574.0 768.0 574.0 790.0 508.0 790.0 car 0
523.0 789.0 589.0 789.0 589.0 811.0 523.0 811.0 car 0
