730.0 568.0 946.0 568.0 946.0 665.0 730.0 665.0 car 0
715.0 514.0 905.0 514.0 905.0 605.0 715.0 605.0 car 0
692.0 474.0 907.0 474.0 907.0 557.0 692.0 557.0 car 0
668.0 424.0 883.0 424.0 883.0 507.0 668.0 507.0 car 0
667.0 386.0 882.0 386.0 882.0 469.0 667.0 469.0 car 0
674.0 346.0 858.0 346.0 858.0 426.0 674.0 426.0 car 0
640.0 305.0 837.0 305.0 837.0 379.0 640.0 379.0 car 0
652.0 264.0 825.0 264.0 825.0 341.0 652.0 341.0 car 0
633.0 212.0 793.0 212.0 793.0 278.0 633.0 278.0 car 0
634.0 176.0 752.0 176.0 752.0 240.0 634.0 240.0 car 0
630.0 153.0 786.0 153.0 786.0 219.0 630.0 219.0 car 0
607.0 126.0 770.0 126.0 770.0 184.0 607.0 184.0 car 0
603.0 101.0 766.0 101.0 766.0 159.0 603.0 159.0 car 0
589.0 52.0 752.0 52.0 752.0 110.0 589.0 110.0 car 0
582.0 28.0 745.0 28.0 745.0 86.0 582.0 86.0 car 0
581.0 5.0 716.0 5.0 716.0 59.0 581.0 59.0 car 0
-25.0 768.0 60.0 768.0 60.0 809.0 -25.0 809.0 motor 2
-28.0 701.0 57.0 704.0 56.0 745.0 -29.0 742.0 motor 2
-23.0 676.0 62.0 679.0 61.0 720.0 -24.0 717.0 motor 2
-9.0 651.0 76.0 654.0 75.0 695.0 -10.0 692.0 motor 2
-3.0 624.0 82.0 627.0 81.0 668.0 -4.0 665.0 motor 2
5.0 595.0 90.0 600.0 87.0 641.0 2.0 636.0 motor 0
8.0 568.0 93.0 575.0 90.0 616.0 5.0 609.0 motor 0
919.0 142.0 963.0 142.0 963.0 193.0 919.0 193.0 motor 0
