735.0 33.0 836.0 33.0 836.0 80.0 735.0 80.0 car 0
662.0 76.0 763.0 76.0 763.0 123.0 662.0 123.0 car 0
683.0 118.0 784.0 118.0 784.0 165.0 683.0 165.0 car 0
690.0 140.0 791.0 140.0 791.0 187.0 690.0 187.0 car 0
714.0 167.0 815.0 167.0 815.0 214.0 714.0 214.0 car 0
716.0 190.0 824.0 190.0 824.0 234.0 716.0 234.0 car 0
718.0 214.0 826.0 214.0 826.0 258.0 718.0 258.0 car 0
724.0 251.0 841.0 251.0 841.0 299.0 724.0 299.0 car 0
598.0 253.0 723.0 253.0 723.0 307.0 598.0 307.0 car 0
615.0 340.0 750.0 340.0 750.0 405.0 615.0 405.0 car 0
586.0 195.0 703.0 195.0 703.0 243.0 586.0 243.0 car 0
928.0 155.0 1045.0 155.0 1045.0 203.0 928.0 203.0 car 2
943.0 192.0 1060.0 192.0 1060.0 240.0 943.0 240.0 car 2
963.0 214.0 1080.0 214.0 1080.0 262.0 963.0 262.0 car 2
961.0 246.0 1078.0 246.0 1078.0 294.0 961.0 294.0 car 2
828.0 496.0 959.0 496.0 959.0 539.0 828.0 539.0 car 0
795.0 448.0 935.0 448.0 935.0 507.0 795.0 507.0 car 0
671.0 522.0 819.0 522.0 819.0 585.0 671.0 585.0 car 0
666.0 491.0 814.0 491.0 814.0 554.0 666.0 554.0 car 0
651.0 448.0 792.0 448.0 792.0 507.0 651.0 507.0 car 0
658.0 407.0 784.0 407.0 784.0 457.0 658.0 457.0 car 0
796.0 413.0 922.0 413.0 922.0 463.0 796.0 463.0 car 0
771.0 386.0 897.0 386.0 897.0 436.0 771.0 436.0 car 0
753.0 352.0 879.0 352.0 879.0 402.0 753.0 402.0 car 0
742.0 322.0 868.0 322.0 868.0 372.0 742.0 372.0 car 0
730.0 283.0 856.0 283.0 856.0 333.0 730.0 333.0 car 0
907.0 82.0 1024.0 82.0 1024.0 130.0 907.0 130.0 car 0
885.0 108.0 1020.0 108.0 1020.0 154.0 885.0 154.0 truck 0
