11.0 971.0 23.0 971.0 23.0 989.0 11.0 989.0 people 0
282.0 972.0 289.0 972.0 289.0 996.0 282.0 996.0 people 0
294.0 1000.0 384.0 1000.0 384.0 1037.0 294.0 1037.0 car 2
51.0 813.0 24.0 822.0 10.0 778.0 37.0 769.0 car 0
92.0 813.0 61.0 823.0 45.0 773.0 76.0 763.0 car 0
134.0 811.0 106.0 827.0 81.0 781.0 109.0 765.0 car 0
173.0 813.0 145.0 829.0 119.0 782.0 148.0 767.0 car 0
202.0 805.0 174.0 821.0 148.0 774.0 177.0 759.0 car 0
132.0 674.0 181.0 674.0 181.0 708.0 132.0 708.0 car 0
267.0 683.0 215.0 706.0 203.0 677.0 255.0 654.0 car 0
77.0 144.0 105.0 144.0 105.0 171.0 77.0 171.0 truck 0
106.0 161.0 123.0 161.0 123.0 178.0 106.0 178.0 car 0
126.0 159.0 143.0 159.0 143.0 176.0 126.0 176.0 car 0
208.0 156.0 228.0 156.0 228.0 176.0 208.0 176.0 car 0
226.0 156.0 247.0 156.0 247.0 177.0 226.0 177.0 car 0
246.0 158.0 265.0 158.0 265.0 174.0 246.0 174.0 car 0
264.0 157.0 287.0 157.0 287.0 176.0 264.0 176.0 car 0
286.0 157.0 309.0 157.0 309.0 176.0 286.0 176.0 car 0
306.0 154.0 331.0 154.0 331.0 176.0 306.0 176.0 car 0
328.0 159.0 353.0 159.0 353.0 177.0 328.0 177.0 car 0
366.0 155.0 389.0 155.0 389.0 175.0 366.0 175.0 car 0
407.0 149.0 435.0 149.0 435.0 172.0 407.0 172.0 car 0
289.0 205.0 341.0 205.0 341.0 230.0 289.0 230.0 truck 0
619.0 125.0 660.0 125.0 660.0 142.0 619.0 142.0 car 0
245.0 264.0 276.0 264.0 276.0 285.0 245.0 285.0 car 0
264.0 192.0 294.0 192.0 294.0 210.0 264.0 210.0 car 0
275.0 202.0 305.0 202.0 305.0 220.0 275.0 220.0 car 0
66.0 302.0 116.0 302.0 116.0 325.0 66.0 325.0 truck 0
416.0 446.0 471.0 446.0 471.0 467.0 416.0 467.0 truck 0
415.0 481.0 424.0 481.0 424.0 502.0 415.0 502.0 people 0
429.0 507.0 438.0 507.0 438.0 529.0 429.0 529.0 people 0
236.0 805.0 208.0 821.0 182.0 774.0 211.0 759.0 car 0
273.0 804.0 245.0 820.0 219.0 773.0 248.0 758.0 car 0
306.0 806.0 278.0 822.0 252.0 775.0 281.0 760.0 car 0
339.0 802.0 311.0 818.0 285.0 771.0 314.0 756.0 car 0
380.0 807.0 352.0 823.0 326.0 776.0 355.0 761.0 car 0
416.0 799.0 388.0 815.0 362.0 768.0 391.0 753.0 car 0
351.0 759.0 327.0 779.0 293.0 739.0 317.0 718.0 car 0
308.0 761.0 288.0 779.0 253.0 737.0 273.0 720.0 car 0
271.0 767.0 249.0 783.0 218.0 738.0 240.0 722.0 car 0
275.0 529.0 339.0 529.0 339.0 552.0 275.0 552.0 car 0
395.0 751.0 364.0 778.0 310.0 713.0 341.0 687.0 truck 0
76.0 324.0 120.0 324.0 120.0 336.0 76.0 336.0 car 0
83.0 332.0 127.0 332.0 127.0 344.0 83.0 344.0 car 0
96.0 339.0 140.0 339.0 140.0 356.0 96.0 356.0 car 0
109.0 348.0 153.0 348.0 153.0 365.0 109.0 365.0 car 0
114.0 359.0 158.0 359.0 158.0 376.0 114.0 376.0 car 0
127.0 367.0 171.0 367.0 171.0 384.0 127.0 384.0 car 0
185.0 429.0 234.0 429.0 234.0 448.0 185.0 448.0 car 0
133.0 376.0 177.0 376.0 177.0 393.0 133.0 393.0 car 0
145.0 387.0 189.0 387.0 189.0 404.0 145.0 404.0 car 0
153.0 396.0 197.0 396.0 197.0 413.0 153.0 413.0 car 0
166.0 404.0 210.0 404.0 210.0 421.0 166.0 421.0 car 0
212.0 463.0 264.0 463.0 264.0 481.0 212.0 481.0 car 0
119.0 310.0 163.0 310.0 163.0 327.0 119.0 327.0 car 0
129.0 319.0 173.0 319.0 173.0 336.0 129.0 336.0 car 0
157.0 344.0 206.0 344.0 206.0 365.0 157.0 365.0 car 0
138.0 326.0 182.0 326.0 182.0 343.0 138.0 343.0 car 0
149.0 334.0 193.0 334.0 193.0 351.0 149.0 351.0 car 0
865.0 794.0 831.0 837.0 765.0 784.0 799.0 741.0 truck 0
893.0 796.0 873.0 821.0 831.0 788.0 850.0 763.0 truck 0
169.0 415.0 213.0 415.0 213.0 432.0 169.0 432.0 car 0
229.0 473.0 281.0 473.0 281.0 491.0 229.0 491.0 car 0
243.0 485.0 297.0 485.0 297.0 507.0 243.0 507.0 car 0
178.0 364.0 227.0 364.0 227.0 383.0 178.0 383.0 car 0
190.0 373.0 239.0 373.0 239.0 392.0 190.0 392.0 car 0
201.0 384.0 250.0 384.0 250.0 403.0 201.0 403.0 car 0
220.0 407.0 269.0 407.0 269.0 426.0 220.0 426.0 car 0
311.0 498.0 367.0 498.0 367.0 519.0 311.0 519.0 car 0
246.0 421.0 295.0 421.0 295.0 440.0 246.0 440.0 car 0
252.0 434.0 301.0 434.0 301.0 453.0 252.0 453.0 car 0
266.0 444.0 315.0 444.0 315.0 463.0 266.0 463.0 car 0
278.0 459.0 327.0 459.0 327.0 478.0 278.0 478.0 car 0
290.0 471.0 339.0 471.0 339.0 490.0 290.0 490.0 car 0
303.0 482.0 352.0 482.0 352.0 501.0 303.0 501.0 car 0
233.0 310.0 281.0 310.0 281.0 326.0 233.0 326.0 car 0
242.0 319.0 290.0 319.0 290.0 335.0 242.0 335.0 car 0
260.0 335.0 308.0 335.0 308.0 351.0 260.0 351.0 car 0
314.0 383.0 362.0 383.0 362.0 399.0 314.0 399.0 car 0
272.0 339.0 320.0 339.0 320.0 355.0 272.0 355.0 car 0
285.0 351.0 333.0 351.0 333.0 367.0 285.0 367.0 car 0
294.0 363.0 342.0 363.0 342.0 379.0 294.0 379.0 car 0
302.0 371.0 350.0 371.0 350.0 387.0 302.0 387.0 car 0
420.0 470.0 468.0 470.0 468.0 486.0 420.0 486.0 car 0
332.0 391.0 380.0 391.0 380.0 407.0 332.0 407.0 car 0
346.0 401.0 394.0 401.0 394.0 417.0 346.0 417.0 car 0
353.0 411.0 401.0 411.0 401.0 427.0 353.0 427.0 car 0
365.0 424.0 413.0 424.0 413.0 440.0 365.0 440.0 car 0
379.0 434.0 427.0 434.0 427.0 450.0 379.0 450.0 car 0
389.0 444.0 437.0 444.0 437.0 460.0 389.0 460.0 car 0
433.0 481.0 481.0 481.0 481.0 497.0 433.0 497.0 car 0
449.0 496.0 497.0 496.0 497.0 512.0 449.0 512.0 car 0
515.0 521.0 468.0 530.0 463.0 510.0 511.0 500.0 car 0
535.0 538.0 488.0 548.0 484.0 527.0 531.0 518.0 car 0
544.0 550.0 497.0 560.0 493.0 539.0 540.0 530.0 car 0
563.0 564.0 516.0 574.0 512.0 553.0 559.0 544.0 car 0
581.0 576.0 534.0 586.0 530.0 565.0 577.0 556.0 car 0
597.0 590.0 550.0 600.0 546.0 579.0 593.0 570.0 car 0
612.0 606.0 565.0 616.0 561.0 595.0 608.0 586.0 car 0
627.0 621.0 580.0 631.0 576.0 610.0 623.0 601.0 car 0
644.0 634.0 597.0 644.0 593.0 623.0 640.0 614.0 car 0
660.0 649.0 613.0 659.0 609.0 638.0 656.0 629.0 car 0
711.0 680.0 649.0 693.0 645.0 671.0 707.0 659.0 car 0
680.0 662.0 633.0 672.0 629.0 651.0 676.0 642.0 car 0
810.0 766.0 748.0 779.0 744.0 757.0 806.0 745.0 car 0
731.0 695.0 669.0 708.0 665.0 686.0 727.0 674.0 car 0
748.0 711.0 686.0 724.0 682.0 702.0 744.0 690.0 car 0
768.0 727.0 706.0 740.0 702.0 718.0 764.0 706.0 car 0
790.0 743.0 728.0 756.0 724.0 734.0 786.0 722.0 car 0
732.0 672.0 798.0 679.0 796.0 704.0 729.0 697.0 car 0
682.0 634.0 748.0 641.0 746.0 666.0 679.0 659.0 car 0
666.0 620.0 732.0 627.0 730.0 652.0 663.0 645.0 car 0
642.0 600.0 708.0 607.0 706.0 632.0 639.0 625.0 car 0
635.0 582.0 701.0 589.0 699.0 614.0 632.0 607.0 car 0
609.0 572.0 675.0 579.0 673.0 604.0 606.0 597.0 car 0
593.0 559.0 659.0 566.0 657.0 591.0 590.0 584.0 car 0
580.0 545.0 646.0 552.0 644.0 577.0 577.0 570.0 car 0
545.0 516.0 611.0 523.0 609.0 548.0 542.0 541.0 car 0
561.0 529.0 627.0 536.0 625.0 561.0 558.0 554.0 car 0
531.0 500.0 583.0 506.0 580.0 528.0 528.0 523.0 car 0
496.0 475.0 548.0 481.0 545.0 503.0 493.0 498.0 car 0
513.0 489.0 565.0 495.0 562.0 517.0 510.0 512.0 car 0
485.0 465.0 537.0 471.0 534.0 493.0 482.0 488.0 car 0
435.0 424.0 487.0 430.0 484.0 452.0 432.0 447.0 car 0
476.0 452.0 528.0 458.0 525.0 480.0 473.0 475.0 car 0
413.0 413.0 465.0 419.0 462.0 441.0 410.0 436.0 car 0
400.0 397.0 452.0 403.0 449.0 425.0 397.0 420.0 car 0
371.0 380.0 423.0 386.0 420.0 408.0 368.0 403.0 car 0
360.0 368.0 412.0 374.0 409.0 396.0 357.0 391.0 car 0
342.0 351.0 391.0 356.0 388.0 379.0 339.0 374.0 car 0
330.0 342.0 369.0 346.0 368.0 363.0 329.0 360.0 car 0
296.0 312.0 335.0 316.0 334.0 333.0 295.0 330.0 car 0
317.0 328.0 356.0 332.0 355.0 349.0 316.0 346.0 car 0
346.0 269.0 375.0 269.0 375.0 287.0 346.0 287.0 car 0
377.0 280.0 409.0 280.0 409.0 294.0 377.0 294.0 car 0
394.0 295.0 438.0 295.0 438.0 315.0 394.0 315.0 car 0
411.0 313.0 445.0 313.0 445.0 333.0 411.0 333.0 car 0
456.0 347.0 418.0 355.0 414.0 337.0 452.0 330.0 car 0
466.0 358.0 492.0 358.0 492.0 380.0 466.0 380.0 car 0
489.0 371.0 510.0 371.0 510.0 398.0 489.0 398.0 car 0
515.0 393.0 540.0 393.0 540.0 419.0 515.0 419.0 car 0
651.0 515.0 674.0 515.0 674.0 539.0 651.0 539.0 car 0
686.0 540.0 711.0 540.0 711.0 570.0 686.0 570.0 car 0
726.0 556.0 751.0 556.0 751.0 583.0 726.0 583.0 car 0
754.0 582.0 784.0 582.0 784.0 612.0 754.0 612.0 car 0
791.0 607.0 818.0 607.0 818.0 637.0 791.0 637.0 car 0
825.0 640.0 847.0 640.0 847.0 664.0 825.0 664.0 car 0
846.0 664.0 869.0 664.0 869.0 691.0 846.0 691.0 car 0
920.0 704.0 960.0 738.0 940.0 762.0 900.0 728.0 car 0
851.0 743.0 910.0 793.0 890.0 816.0 831.0 766.0 car 0
619.0 850.0 642.0 850.0 642.0 870.0 619.0 870.0 motor 0
701.0 834.0 722.0 834.0 722.0 855.0 701.0 855.0 motor 0
877.0 670.0 906.0 670.0 906.0 691.0 877.0 691.0 motor 0
963.0 803.0 978.0 803.0 978.0 830.0 963.0 830.0 motor 0
233.0 629.0 271.0 629.0 271.0 653.0 233.0 653.0 motor 0
316.0 553.0 370.0 553.0 370.0 572.0 316.0 572.0 car 0
324.0 569.0 378.0 569.0 378.0 588.0 324.0 588.0 car 0
336.0 581.0 390.0 581.0 390.0 600.0 336.0 600.0 car 0
351.0 597.0 405.0 597.0 405.0 616.0 351.0 616.0 car 0
415.0 652.0 475.0 652.0 475.0 673.0 415.0 673.0 car 0
368.0 607.0 422.0 607.0 422.0 626.0 368.0 626.0 car 0
382.0 623.0 436.0 623.0 436.0 642.0 382.0 642.0 car 0
398.0 637.0 457.0 637.0 457.0 664.0 398.0 664.0 car 0
433.0 674.0 493.0 674.0 493.0 695.0 433.0 695.0 car 0
450.0 688.0 519.0 688.0 519.0 711.0 450.0 711.0 car 0
462.0 702.0 531.0 702.0 531.0 725.0 462.0 725.0 car 0
480.0 719.0 549.0 719.0 549.0 742.0 480.0 742.0 car 0
602.0 793.0 534.0 800.0 532.0 777.0 600.0 770.0 car 0
494.0 737.0 563.0 737.0 563.0 760.0 494.0 760.0 car 0
512.0 754.0 581.0 754.0 581.0 777.0 512.0 777.0 car 0
620.0 810.0 552.0 817.0 549.0 794.0 618.0 788.0 car 0
645.0 837.0 575.0 845.0 572.0 813.0 642.0 806.0 car 0
362.0 540.0 419.0 540.0 419.0 557.0 362.0 557.0 car 0
379.0 553.0 436.0 553.0 436.0 570.0 379.0 570.0 car 0
391.0 566.0 448.0 566.0 448.0 583.0 391.0 583.0 car 0
403.0 581.0 460.0 581.0 460.0 598.0 403.0 598.0 car 0
439.0 608.0 496.0 608.0 496.0 625.0 439.0 625.0 car 0
414.0 590.0 471.0 590.0 471.0 607.0 414.0 607.0 car 0
447.0 623.0 504.0 623.0 504.0 640.0 447.0 640.0 car 0
470.0 636.0 527.0 636.0 527.0 653.0 470.0 653.0 car 0
495.0 665.0 561.0 665.0 561.0 687.0 495.0 687.0 car 0
479.0 650.0 536.0 650.0 536.0 667.0 479.0 667.0 car 0
516.0 683.0 582.0 683.0 582.0 705.0 516.0 705.0 car 0
586.0 751.0 652.0 751.0 652.0 773.0 586.0 773.0 car 0
535.0 696.0 601.0 696.0 601.0 718.0 535.0 718.0 car 0
548.0 714.0 614.0 714.0 614.0 736.0 548.0 736.0 car 0
569.0 733.0 635.0 733.0 635.0 755.0 569.0 755.0 car 0
656.0 809.0 729.0 809.0 729.0 836.0 656.0 836.0 car 0
612.0 768.0 678.0 768.0 678.0 790.0 612.0 790.0 car 0
627.0 789.0 693.0 789.0 693.0 811.0 627.0 811.0 car 0
