502.0 890.0 527.0 890.0 527.0 911.0 502.0 911.0 car 0
512.0 871.0 557.0 874.0 556.0 894.0 511.0 891.0 truck 0
618.0 866.0 638.0 866.0 638.0 884.0 618.0 884.0 ignored 0
575.0 876.0 598.0 876.0 598.0 889.0 575.0 889.0 ignored 0
699.0 893.0 748.0 898.0 746.0 914.0 697.0 909.0 truck 0
854.0 936.0 889.0 939.0 888.0 954.0 853.0 951.0 car 0
781.0 912.0 825.0 912.0 825.0 939.0 781.0 939.0 bus 0
914.0 527.0 1039.0 539.0 1034.0 590.0 909.0 578.0 ignored 2
620.0 568.0 755.0 568.0 755.0 639.0 620.0 639.0 ignored 0
543.0 636.0 440.0 658.0 434.0 629.0 538.0 608.0 ignored 0
808.0 764.0 866.0 769.0 864.0 790.0 806.0 784.0 ignored 0
825.0 564.0 847.0 564.0 847.0 580.0 825.0 580.0 traffic-sign 0
143.0 634.0 118.0 637.0 117.0 625.0 142.0 622.0 car 0
