150.0 988.0 -86.0 1058.0 -116.0 958.0 120.0 887.0 car 2
156.0 130.0 88.0 149.0 52.0 19.0 120.0 0.0 bicycle 0
437.0 1127.0 362.0 1147.0 238.0 678.0 313.0 658.0 bicycle 2
574.0 928.0 426.0 958.0 318.0 424.0 466.0 394.0 bus 0
481.0 374.0 521.0 374.0 521.0 407.0 481.0 407.0 people 0
483.0 439.0 510.0 439.0 510.0 476.0 483.0 476.0 people 0
523.0 566.0 567.0 566.0 567.0 621.0 523.0 621.0 people 0
559.0 833.0 599.0 833.0 599.0 871.0 559.0 871.0 people 0
673.0 72.0 720.0 72.0 720.0 111.0 673.0 111.0 people 0
669.0 45.0 713.0 45.0 713.0 133.0 669.0 133.0 motor 0
837.0 2.0 948.0 2.0 948.0 82.0 837.0 82.0 car 0
999.0 2.0 1034.0 2.0 1034.0 28.0 999.0 28.0 people 2
