249.0 -39.0 401.0 119.0 337.0 181.0 184.0 24.0 car 2
66.0 109.0 245.0 248.0 187.0 323.0 8.0 184.0 car 0
12.0 211.0 168.0 345.0 111.0 412.0 -45.0 277.0 car 2
402.0 169.0 464.0 222.0 449.0 238.0 387.0 186.0 bicycle 0
431.0 166.0 490.0 206.0 479.0 222.0 421.0 181.0 bicycle 0
435.0 140.0 498.0 183.0 484.0 204.0 421.0 160.0 bicycle 0
390.0 189.0 448.0 238.0 432.0 257.0 374.0 208.0 bicycle 0
388.0 213.0 433.0 251.0 423.0 262.0 378.0 224.0 bicycle 0
374.0 218.0 433.0 268.0 417.0 287.0 358.0 237.0 bicycle 0
363.0 233.0 422.0 283.0 406.0 302.0 347.0 252.0 bicycle 0
361.0 248.0 414.0 302.0 396.0 320.0 343.0 265.0 bicycle 0
344.0 270.0 392.0 303.0 382.0 318.0 334.0 285.0 bicycle 0
330.0 296.0 391.0 337.0 382.0 349.0 322.0 308.0 bicycle 0
321.0 305.0 388.0 350.0 374.0 369.0 308.0 324.0 bicycle 0
320.0 321.0 376.0 369.0 360.0 387.0 304.0 340.0 bicycle 0
305.0 325.0 363.0 375.0 349.0 390.0 291.0 341.0 bicycle 0
298.0 338.0 356.0 388.0 339.0 408.0 281.0 358.0 bicycle 0
286.0 354.0 344.0 404.0 327.0 424.0 269.0 374.0 bicycle 0
284.0 376.0 337.0 431.0 318.0 449.0 265.0 395.0 bicycle 0
251.0 387.0 309.0 436.0 291.0 457.0 233.0 408.0 bicycle 0
242.0 404.0 305.0 447.0 288.0 470.0 226.0 427.0 bicycle 0
225.0 409.0 288.0 452.0 271.0 475.0 209.0 432.0 bicycle 0
209.0 424.0 272.0 467.0 255.0 490.0 193.0 447.0 bicycle 0
197.0 445.0 244.0 477.0 231.0 495.0 185.0 463.0 bicycle 0
184.0 451.0 242.0 500.0 224.0 521.0 166.0 472.0 bicycle 0
166.0 461.0 219.0 505.0 204.0 522.0 152.0 478.0 bicycle 0
187.0 492.0 240.0 536.0 225.0 553.0 173.0 509.0 bicycle 0
107.0 560.0 161.0 598.0 147.0 618.0 93.0 581.0 bicycle 0
100.0 569.0 150.0 612.0 134.0 631.0 84.0 588.0 bicycle 0
125.0 539.0 175.0 582.0 159.0 601.0 109.0 558.0 bicycle 0
133.0 834.0 190.0 883.0 175.0 901.0 118.0 852.0 bicycle 0
85.0 815.0 148.0 868.0 129.0 892.0 66.0 838.0 bicycle 0
103.0 797.0 157.0 842.0 138.0 866.0 84.0 820.0 bicycle 0
140.0 785.0 165.0 851.0 137.0 862.0 112.0 796.0 bicycle 0
130.0 772.0 184.0 817.0 165.0 841.0 111.0 795.0 bicycle 0
140.0 761.0 198.0 801.0 186.0 817.0 128.0 778.0 bicycle 0
148.0 740.0 213.0 785.0 199.0 806.0 133.0 761.0 bicycle 0
177.0 746.0 238.0 788.0 226.0 805.0 165.0 763.0 bicycle 0
168.0 726.0 228.0 758.0 217.0 780.0 157.0 747.0 bicycle 0
178.0 701.0 241.0 750.0 227.0 770.0 163.0 720.0 bicycle 0
189.0 686.0 252.0 735.0 238.0 755.0 174.0 705.0 bicycle 0
208.0 671.0 270.0 723.0 255.0 741.0 192.0 690.0 bicycle 0
218.0 667.0 289.0 714.0 277.0 732.0 207.0 684.0 bicycle 0
233.0 648.0 299.0 693.0 283.0 717.0 217.0 672.0 bicycle 0
251.0 630.0 315.0 673.0 302.0 694.0 237.0 650.0 bicycle 0
260.0 613.0 323.0 655.0 307.0 680.0 243.0 637.0 bicycle 0
273.0 606.0 336.0 658.0 324.0 672.0 261.0 620.0 bicycle 0
291.0 607.0 354.0 659.0 342.0 673.0 279.0 621.0 bicycle 0
297.0 591.0 351.0 646.0 335.0 663.0 280.0 608.0 bicycle 0
314.0 573.0 357.0 638.0 333.0 653.0 291.0 589.0 bicycle 0
328.0 575.0 384.0 621.0 373.0 635.0 317.0 588.0 bicycle 0
333.0 555.0 377.0 599.0 360.0 617.0 316.0 572.0 bicycle 0
341.0 542.0 391.0 603.0 372.0 619.0 322.0 557.0 bicycle 0
355.0 525.0 397.0 592.0 377.0 605.0 334.0 538.0 bicycle 0
365.0 510.0 410.0 567.0 394.0 579.0 349.0 523.0 bicycle 0
374.0 491.0 421.0 564.0 398.0 579.0 351.0 506.0 bicycle 0
388.0 475.0 423.0 543.0 399.0 555.0 365.0 487.0 bicycle 0
401.0 460.0 438.0 534.0 413.0 546.0 376.0 473.0 bicycle 0
403.0 442.0 447.0 511.0 423.0 527.0 379.0 458.0 bicycle 0
415.0 431.0 468.0 486.0 450.0 504.0 397.0 448.0 bicycle 0
429.0 419.0 482.0 474.0 464.0 492.0 411.0 436.0 bicycle 0
444.0 418.0 507.0 462.0 493.0 482.0 430.0 439.0 bicycle 0
454.0 394.0 502.0 455.0 483.0 470.0 435.0 410.0 bicycle 0
473.0 382.0 540.0 419.0 528.0 441.0 461.0 404.0 bicycle 0
487.0 360.0 540.0 415.0 522.0 433.0 469.0 377.0 bicycle 0
502.0 343.0 573.0 374.0 561.0 402.0 490.0 372.0 bicycle 0
511.0 326.0 583.0 357.0 573.0 381.0 500.0 350.0 bicycle 0
497.0 358.0 567.0 396.0 554.0 419.0 485.0 381.0 bicycle 0
543.0 301.0 617.0 317.0 607.0 367.0 532.0 352.0 bicycle 0
545.0 249.0 624.0 257.0 619.0 303.0 540.0 296.0 bicycle 0
909.0 622.0 875.0 688.0 841.0 671.0 875.0 605.0 bicycle 0
894.0 587.0 860.0 653.0 826.0 636.0 860.0 570.0 bicycle 0
852.0 547.0 847.0 621.0 809.0 618.0 814.0 544.0 bicycle 0
826.0 539.0 797.0 615.0 768.0 603.0 798.0 527.0 bicycle 0
800.0 524.0 771.0 600.0 742.0 588.0 772.0 512.0 bicycle 0
783.0 523.0 733.0 574.0 715.0 557.0 765.0 505.0 bicycle 0
773.0 511.0 713.0 561.0 693.0 537.0 753.0 487.0 bicycle 0
763.0 484.0 703.0 534.0 683.0 510.0 743.0 460.0 bicycle 0
724.0 464.0 684.0 526.0 668.0 516.0 708.0 454.0 bicycle 0
709.0 460.0 656.0 527.0 640.0 515.0 693.0 448.0 bicycle 0
698.0 449.0 636.0 513.0 621.0 499.0 684.0 434.0 bicycle 0
691.0 453.0 624.0 510.0 605.0 487.0 671.0 431.0 bicycle 0
703.0 549.0 626.0 564.0 619.0 532.0 697.0 516.0 bicycle 0
479.0 638.0 539.0 671.0 531.0 686.0 471.0 653.0 bicycle 0
477.0 653.0 534.0 691.0 525.0 706.0 468.0 667.0 bicycle 0
460.0 657.0 517.0 695.0 508.0 710.0 451.0 671.0 bicycle 0
450.0 670.0 507.0 708.0 498.0 723.0 441.0 684.0 bicycle 0
427.0 689.0 484.0 727.0 475.0 742.0 418.0 703.0 bicycle 0
415.0 702.0 472.0 740.0 463.0 755.0 406.0 716.0 bicycle 0
410.0 713.0 463.0 758.0 452.0 771.0 399.0 727.0 bicycle 0
405.0 729.0 456.0 783.0 440.0 799.0 388.0 745.0 bicycle 0
394.0 761.0 445.0 804.0 427.0 826.0 376.0 783.0 bicycle 0
363.0 761.0 423.0 824.0 402.0 845.0 341.0 783.0 bicycle 0
347.0 816.0 393.0 864.0 374.0 882.0 328.0 835.0 bicycle 0
331.0 831.0 369.0 871.0 351.0 888.0 312.0 849.0 bicycle 0
303.0 838.0 348.0 885.0 335.0 897.0 289.0 851.0 bicycle 0
295.0 854.0 345.0 896.0 333.0 911.0 283.0 869.0 bicycle 0
408.0 720.0 355.0 775.0 330.0 751.0 383.0 696.0 bicycle 0
