220.0 -73.0 347.0 -34.0 292.0 143.0 165.0 104.0 motor 2
174.0 61.0 242.0 61.0 242.0 97.0 174.0 97.0 people 0
697.0 93.0 875.0 190.0 836.0 261.0 659.0 164.0 motor 0
685.0 209.0 878.0 269.0 854.0 347.0 661.0 287.0 motor 0
704.0 349.0 907.0 435.0 872.0 517.0 670.0 431.0 motor 0
547.0 490.0 870.0 490.0 870.0 647.0 547.0 647.0 tricycle 0
526.0 645.0 776.0 645.0 776.0 733.0 526.0 733.0 bicycle 0
531.0 729.0 772.0 729.0 772.0 802.0 531.0 802.0 bicycle 0
504.0 290.0 647.0 290.0 647.0 372.0 504.0 372.0 people 0
337.0 117.0 572.0 245.0 298.0 746.0 63.0 618.0 truck 0
