198.0 710.0 270.0 740.0 256.0 776.0 183.0 745.0 car 0
250.0 927.0 321.0 976.0 297.0 1012.0 225.0 963.0 car 0
425.0 775.0 510.0 794.0 500.0 836.0 415.0 818.0 car 0
310.0 767.0 323.0 767.0 323.0 797.0 310.0 797.0 people 0
548.0 811.0 632.0 830.0 624.0 867.0 539.0 849.0 car 0
500.0 660.0 537.0 673.0 516.0 734.0 479.0 721.0 car 0
540.0 673.0 575.0 680.0 563.0 741.0 528.0 734.0 car 0
672.0 697.0 707.0 704.0 695.0 765.0 660.0 758.0 car 0
792.0 760.0 764.0 783.0 714.0 721.0 742.0 699.0 car 0
842.0 782.0 805.0 793.0 787.0 730.0 823.0 719.0 car 0
878.0 736.0 915.0 740.0 909.0 791.0 872.0 787.0 car 0
923.0 743.0 962.0 747.0 957.0 804.0 917.0 800.0 car 0
723.0 763.0 735.0 763.0 735.0 782.0 723.0 782.0 people 0
592.0 785.0 669.0 800.0 665.0 820.0 588.0 804.0 ignored 0
921.0 845.0 1086.0 872.0 1083.0 892.0 917.0 866.0 ignored 2
498.0 767.0 505.0 770.0 499.0 785.0 492.0 782.0 bicycle 0
509.0 769.0 517.0 771.0 512.0 788.0 504.0 786.0 bicycle 0
524.0 772.0 531.0 772.0 531.0 789.0 524.0 789.0 bicycle 0
536.0 774.0 544.0 774.0 544.0 792.0 536.0 792.0 bicycle 0
241.0 404.0 219.0 405.0 218.0 392.0 240.0 391.0 motor 0
287.0 411.0 262.0 413.0 262.0 397.0 287.0 396.0 motor 0
499.0 169.0 506.0 169.0 506.0 186.0 499.0 186.0 people 0
476.0 157.0 492.0 173.0 458.0 206.0 442.0 190.0 car 0
448.0 366.0 452.0 389.0 383.0 401.0 379.0 378.0 car 0
458.0 387.0 462.0 410.0 393.0 422.0 389.0 399.0 car 0
467.0 427.0 471.0 450.0 402.0 462.0 398.0 439.0 car 0
470.0 449.0 474.0 472.0 398.0 485.0 394.0 462.0 car 0
470.0 470.0 475.0 496.0 405.0 508.0 400.0 482.0 car 0
475.0 497.0 480.0 523.0 410.0 535.0 405.0 509.0 car 0
66.0 252.0 31.0 276.0 17.0 256.0 52.0 232.0 car 0
150.0 128.0 184.0 128.0 184.0 161.0 150.0 161.0 traffic-sign 0
39.0 110.0 2.0 142.0 -11.0 127.0 26.0 95.0 car 2
46.0 161.0 21.0 175.0 2.0 139.0 27.0 126.0 car 0
