612.0 -6.0 667.0 -5.0 667.0 16.0 612.0 15.0 bicycle 2
789.0 39.0 835.0 40.0 832.0 134.0 786.0 133.0 tricycle 0
923.0 79.0 850.0 93.0 832.0 4.0 905.0 -11.0 ignored 2
606.0 257.0 676.0 257.0 676.0 434.0 606.0 434.0 ignored 0
605.0 22.0 671.0 22.0 671.0 242.0 605.0 242.0 ignored 0
696.0 442.0 762.0 442.0 762.0 726.0 696.0 726.0 ignored 0
773.0 211.0 793.0 211.0 793.0 233.0 773.0 233.0 people 0
786.0 443.0 810.0 443.0 810.0 472.0 786.0 472.0 people 0
923.0 100.0 871.0 109.0 868.0 92.0 920.0 82.0 bicycle 0
924.0 122.0 833.0 237.0 797.0 208.0 889.0 93.0 ignored 0
855.0 247.0 801.0 252.0 800.0 234.0 854.0 230.0 bicycle 0
911.0 234.0 857.0 239.0 856.0 221.0 910.0 217.0 bicycle 0
893.0 220.0 848.0 224.0 847.0 205.0 892.0 201.0 bicycle 0
915.0 189.0 872.0 202.0 865.0 178.0 909.0 165.0 bicycle 0
907.0 265.0 853.0 270.0 852.0 252.0 906.0 248.0 bicycle 0
899.0 250.0 845.0 255.0 844.0 237.0 898.0 233.0 bicycle 0
873.0 282.0 819.0 287.0 818.0 269.0 872.0 265.0 bicycle 0
905.0 293.0 849.0 297.0 848.0 276.0 903.0 273.0 bicycle 0
815.0 293.0 911.0 293.0 911.0 442.0 815.0 442.0 ignored 0
891.0 457.0 837.0 462.0 836.0 444.0 890.0 440.0 bicycle 0
917.0 467.0 863.0 472.0 862.0 454.0 916.0 450.0 bicycle 0
862.0 460.0 911.0 477.0 901.0 505.0 852.0 489.0 bicycle 0
890.0 510.0 842.0 513.0 840.0 494.0 888.0 490.0 bicycle 0
852.0 503.0 898.0 513.0 894.0 532.0 848.0 522.0 bicycle 0
851.0 528.0 897.0 528.0 896.0 544.0 851.0 544.0 bicycle 0
860.0 534.0 908.0 535.0 908.0 555.0 860.0 554.0 bicycle 0
853.0 556.0 906.0 557.0 906.0 578.0 853.0 577.0 bicycle 0
911.0 595.0 851.0 600.0 849.0 580.0 909.0 576.0 bicycle 0
911.0 628.0 851.0 632.0 850.0 612.0 910.0 608.0 bicycle 0
914.0 737.0 856.0 753.0 851.0 734.0 909.0 718.0 bicycle 0
909.0 665.0 849.0 669.0 848.0 649.0 908.0 645.0 bicycle 0
912.0 684.0 852.0 688.0 851.0 668.0 911.0 664.0 bicycle 0
910.0 723.0 850.0 728.0 849.0 707.0 909.0 703.0 bicycle 0
919.0 762.0 861.0 779.0 854.0 753.0 912.0 737.0 bicycle 0
852.0 778.0 920.0 778.0 920.0 812.0 852.0 812.0 ignored 0
761.0 746.0 704.0 750.0 703.0 731.0 760.0 727.0 bicycle 0
758.0 762.0 708.0 766.0 707.0 747.0 756.0 743.0 bicycle 0
761.0 781.0 711.0 785.0 710.0 766.0 759.0 762.0 bicycle 0
705.0 783.0 762.0 785.0 762.0 809.0 705.0 808.0 bicycle 0
700.0 809.0 757.0 811.0 757.0 835.0 700.0 834.0 bicycle 0
766.0 863.0 711.0 878.0 705.0 854.0 760.0 839.0 bicycle 0
709.0 870.0 766.0 872.0 766.0 894.0 709.0 893.0 bicycle 0
707.0 892.0 773.0 892.0 773.0 954.0 707.0 954.0 ignored 0
867.0 819.0 910.0 819.0 910.0 837.0 867.0 837.0 motor 0
906.0 851.0 864.0 856.0 862.0 838.0 904.0 833.0 motor 0
856.0 861.0 912.0 861.0 912.0 1001.0 856.0 1001.0 ignored 0
776.0 125.0 781.0 176.0 760.0 178.0 754.0 127.0 bicycle 0
745.0 92.0 740.0 157.0 709.0 154.0 715.0 89.0 bicycle 0
303.0 632.0 366.0 632.0 366.0 776.0 303.0 776.0 car 0
