658.0 954.0 481.0 972.0 473.0 893.0 650.0 876.0 car 0
452.0 566.0 618.0 566.0 618.0 634.0 452.0 634.0 car 0
557.0 349.0 431.0 362.0 425.0 301.0 551.0 288.0 car 0
538.0 56.0 427.0 68.0 422.0 19.0 533.0 7.0 car 0
441.0 435.0 562.0 435.0 562.0 496.0 441.0 496.0 truck 0
294.0 524.0 311.0 524.0 311.0 589.0 294.0 589.0 traffic-sign 0
291.0 33.0 304.0 33.0 304.0 75.0 291.0 75.0 traffic-sign 0
581.0 241.0 539.0 250.0 533.0 223.0 575.0 214.0 motor 0
474.0 260.0 432.0 264.0 429.0 236.0 472.0 232.0 motor 0
487.0 988.0 556.0 988.0 556.0 1028.0 487.0 1028.0 tricycle 2
742.0 1010.0 716.0 1013.0 711.0 957.0 737.0 954.0 tricycle 0
701.0 979.0 635.0 986.0 632.0 952.0 698.0 945.0 tricycle 0
483.0 856.0 550.0 856.0 550.0 890.0 483.0 890.0 tricycle 0
472.0 828.0 534.0 828.0 534.0 861.0 472.0 861.0 tricycle 0
554.0 835.0 615.0 835.0 615.0 868.0 554.0 868.0 tricycle 0
536.0 807.0 603.0 807.0 603.0 841.0 536.0 841.0 tricycle 0
604.0 714.0 670.0 714.0 670.0 748.0 604.0 748.0 tricycle 0
618.0 724.0 555.0 743.0 545.0 711.0 608.0 691.0 tricycle 0
553.0 613.0 608.0 650.0 588.0 678.0 534.0 641.0 tricycle 0
449.0 663.0 517.0 663.0 517.0 699.0 449.0 699.0 tricycle 0
519.0 651.0 441.0 659.0 438.0 633.0 517.0 625.0 tricycle 0
588.0 412.0 616.0 412.0 616.0 454.0 588.0 454.0 tricycle 0
575.0 430.0 520.0 436.0 516.0 399.0 571.0 393.0 tricycle 0
498.0 177.0 542.0 181.0 539.0 203.0 496.0 199.0 tricycle 0
539.0 543.0 467.0 551.0 461.0 495.0 533.0 488.0 ignored 0
518.0 165.0 562.0 169.0 559.0 191.0 516.0 187.0 tricycle 0
529.0 130.0 573.0 134.0 570.0 156.0 527.0 152.0 tricycle 0
501.0 109.0 546.0 109.0 546.0 137.0 501.0 137.0 tricycle 0
460.0 137.0 407.0 143.0 403.0 104.0 456.0 99.0 ignored 0
561.0 97.0 508.0 103.0 504.0 64.0 557.0 59.0 ignored 0
536.0 12.0 556.0 12.0 556.0 43.0 536.0 43.0 tricycle 0
561.0 256.0 577.0 256.0 577.0 299.0 561.0 299.0 people 0
