931.0 350.0 896.0 357.0 880.0 282.0 915.0 275.0 people 0
987.0 335.0 948.0 344.0 933.0 273.0 973.0 265.0 people 0
1016.0 301.0 978.0 313.0 956.0 244.0 995.0 232.0 people 0
381.0 241.0 342.0 253.0 312.0 155.0 351.0 143.0 people 0
93.0 575.0 233.0 618.0 161.0 850.0 22.0 807.0 tricycle 0
201.0 562.0 338.0 562.0 338.0 788.0 201.0 788.0 tricycle 0
563.0 511.0 664.0 521.0 646.0 693.0 546.0 683.0 tricycle 0
328.0 575.0 465.0 589.0 446.0 778.0 309.0 764.0 tricycle 0
439.0 563.0 576.0 577.0 557.0 766.0 420.0 752.0 tricycle 0
648.0 525.0 757.0 536.0 738.0 728.0 628.0 717.0 tricycle 0
744.0 460.0 843.0 460.0 843.0 665.0 744.0 665.0 tricycle 0
855.0 433.0 954.0 433.0 954.0 638.0 855.0 638.0 tricycle 0
936.0 341.0 1023.0 341.0 1023.0 498.0 936.0 498.0 tricycle 0
854.0 336.0 948.0 336.0 948.0 475.0 854.0 475.0 tricycle 0
755.0 374.0 849.0 374.0 849.0 513.0 755.0 513.0 tricycle 0
764.0 514.0 670.0 523.0 656.0 385.0 750.0 375.0 tricycle 0
679.0 540.0 585.0 549.0 571.0 411.0 665.0 401.0 tricycle 0
495.0 416.0 589.0 426.0 575.0 564.0 481.0 555.0 tricycle 0
420.0 418.0 511.0 446.0 470.0 579.0 379.0 551.0 tricycle 0
295.0 437.0 389.0 447.0 375.0 585.0 281.0 576.0 tricycle 0
141.0 465.0 233.0 484.0 206.0 620.0 113.0 601.0 tricycle 0
82.0 527.0 43.0 539.0 13.0 441.0 52.0 429.0 people 0
