266.0 479.0 190.0 494.0 180.0 448.0 257.0 432.0 bicycle 0
776.0 49.0 813.0 49.0 813.0 121.0 776.0 121.0 people 0
671.0 352.0 707.0 352.0 707.0 429.0 671.0 429.0 people 0
726.0 388.0 758.0 388.0 758.0 446.0 726.0 446.0 people 0
27.0 582.0 -8.0 589.0 -24.0 514.0 11.0 507.0 people 2
83.0 567.0 44.0 576.0 29.0 505.0 69.0 497.0 people 0
112.0 533.0 74.0 545.0 52.0 476.0 91.0 464.0 people 0
62.0 865.0 247.0 865.0 247.0 962.0 62.0 962.0 tricycle 0
-49.0 665.0 50.0 665.0 50.0 870.0 -49.0 870.0 tricycle 2
102.0 658.0 204.0 658.0 204.0 830.0 102.0 830.0 tricycle 0
107.0 542.0 214.0 542.0 214.0 695.0 107.0 695.0 tricycle 0
32.0 573.0 119.0 573.0 119.0 730.0 32.0 730.0 tricycle 0
