333.0 976.0 375.0 976.0 375.0 1041.0 333.0 1041.0 tricycle 2
371.0 964.0 388.0 964.0 388.0 1009.0 371.0 1009.0 people 0
104.0 42.0 186.0 42.0 186.0 80.0 104.0 80.0 traffic-sign 0
-10.0 179.0 18.0 182.0 14.0 214.0 -13.0 212.0 motor 2
141.0 93.0 152.0 93.0 152.0 114.0 141.0 114.0 motor 0
232.0 91.0 242.0 91.0 242.0 110.0 232.0 110.0 motor 0
257.0 47.0 264.0 47.0 264.0 70.0 257.0 70.0 motor 0
259.0 78.0 271.0 78.0 271.0 97.0 259.0 97.0 motor 0
176.0 78.0 195.0 78.0 195.0 101.0 176.0 101.0 tricycle 0
319.0 237.0 329.0 237.0 329.0 263.0 319.0 263.0 people 0
302.0 957.0 325.0 960.0 320.0 1007.0 297.0 1004.0 motor 0
408.0 895.0 427.0 908.0 401.0 947.0 382.0 934.0 motor 0
221.0 771.0 246.0 771.0 246.0 813.0 221.0 813.0 motor 0
327.0 767.0 352.0 769.0 348.0 811.0 323.0 808.0 motor 0
336.0 739.0 362.0 741.0 357.0 782.0 332.0 780.0 motor 0
233.0 619.0 250.0 619.0 250.0 657.0 233.0 657.0 motor 0
670.0 283.0 654.0 285.0 651.0 263.0 668.0 261.0 motor 0
707.0 350.0 684.0 362.0 667.0 330.0 690.0 318.0 ignored 0
334.0 216.0 323.0 217.0 321.0 199.0 333.0 197.0 motor 0
340.0 243.0 350.0 243.0 350.0 269.0 340.0 269.0 people 0
313.0 188.0 323.0 188.0 323.0 214.0 313.0 214.0 people 0
825.0 664.0 790.0 667.0 788.0 644.0 823.0 641.0 motor 0
860.0 671.0 821.0 674.0 819.0 649.0 858.0 646.0 motor 0
850.0 674.0 815.0 677.0 813.0 655.0 848.0 652.0 motor 0
860.0 697.0 821.0 698.0 821.0 673.0 860.0 672.0 motor 0
890.0 733.0 851.0 734.0 851.0 712.0 890.0 711.0 motor 0
880.0 709.0 839.0 709.0 839.0 691.0 880.0 691.0 motor 0
887.0 721.0 848.0 725.0 846.0 709.0 885.0 704.0 motor 0
886.0 715.0 847.0 719.0 845.0 703.0 884.0 698.0 motor 0
1012.0 779.0 991.0 782.0 987.0 746.0 1009.0 744.0 motor 0
977.0 751.0 992.0 752.0 989.0 781.0 974.0 780.0 motor 0
944.0 741.0 962.0 742.0 957.0 785.0 940.0 783.0 people 0
959.0 747.0 972.0 749.0 968.0 788.0 956.0 786.0 people 0
972.0 796.0 1045.0 799.0 1043.0 848.0 971.0 846.0 tricycle 2
838.0 967.0 864.0 967.0 864.0 1012.0 838.0 1012.0 motor 0
861.0 965.0 883.0 965.0 883.0 1009.0 861.0 1009.0 motor 0
881.0 967.0 903.0 967.0 903.0 1011.0 881.0 1011.0 motor 0
905.0 966.0 927.0 966.0 927.0 1010.0 905.0 1010.0 motor 0
952.0 1009.0 930.0 1011.0 925.0 968.0 947.0 966.0 motor 0
969.0 1008.0 947.0 1010.0 942.0 966.0 964.0 964.0 motor 0
987.0 1007.0 965.0 1009.0 960.0 965.0 982.0 963.0 motor 0
1015.0 1005.0 993.0 1009.0 984.0 966.0 1006.0 962.0 motor 0
1036.0 1009.0 1014.0 1011.0 1009.0 967.0 1031.0 965.0 motor 2
84.0 816.0 132.0 816.0 132.0 870.0 84.0 870.0 car 0
436.0 222.0 487.0 222.0 487.0 241.0 436.0 241.0 car 0
501.0 220.0 556.0 220.0 556.0 243.0 501.0 243.0 car 0
564.0 220.0 619.0 220.0 619.0 243.0 564.0 243.0 car 0
650.0 223.0 675.0 223.0 675.0 244.0 650.0 244.0 car 0
447.0 304.0 507.0 316.0 503.0 338.0 442.0 326.0 car 0
460.0 328.0 520.0 340.0 516.0 362.0 455.0 350.0 car 0
466.0 342.0 526.0 354.0 522.0 376.0 461.0 364.0 car 0
463.0 357.0 533.0 371.0 528.0 393.0 458.0 379.0 car 0
472.0 383.0 543.0 398.0 538.0 426.0 466.0 411.0 car 0
349.0 361.0 382.0 361.0 382.0 396.0 349.0 396.0 car 0
338.0 317.0 369.0 317.0 369.0 349.0 338.0 349.0 car 0
443.0 284.0 504.0 296.0 500.0 318.0 439.0 305.0 car 0
495.0 520.0 571.0 535.0 564.0 567.0 488.0 552.0 car 0
506.0 575.0 601.0 594.0 594.0 625.0 500.0 606.0 car 0
518.0 603.0 607.0 621.0 600.0 653.0 511.0 635.0 car 0
438.0 634.0 404.0 637.0 399.0 591.0 434.0 588.0 car 0
535.0 643.0 624.0 661.0 617.0 693.0 528.0 675.0 car 0
543.0 674.0 632.0 692.0 625.0 724.0 536.0 706.0 car 0
551.0 702.0 640.0 720.0 633.0 752.0 544.0 734.0 car 0
