198.0 257.0 226.0 257.0 226.0 272.0 198.0 272.0 tricycle 0
299.0 260.0 254.0 261.0 254.0 240.0 299.0 239.0 truck 0
957.0 201.0 981.0 201.0 981.0 217.0 957.0 217.0 tricycle 0
1010.0 304.0 1023.0 304.0 1023.0 320.0 1010.0 320.0 car 0
768.0 353.0 796.0 353.0 796.0 367.0 768.0 367.0 car 0
795.0 327.0 823.0 327.0 823.0 342.0 795.0 342.0 car 0
729.0 329.0 761.0 329.0 761.0 348.0 729.0 348.0 car 0
774.0 327.0 803.0 327.0 803.0 343.0 774.0 343.0 car 0
749.0 328.0 776.0 328.0 776.0 344.0 749.0 344.0 car 0
775.0 361.0 735.0 364.0 734.0 347.0 774.0 345.0 car 0
764.0 358.0 723.0 360.0 722.0 347.0 764.0 345.0 car 0
742.0 351.0 699.0 354.0 698.0 335.0 741.0 333.0 ignored 0
827.0 344.0 731.0 348.0 730.0 328.0 826.0 323.0 ignored 0
1003.0 319.0 924.0 331.0 921.0 312.0 1001.0 300.0 ignored 0
-6.0 524.0 35.0 529.0 33.0 547.0 -7.0 542.0 car 2
22.0 509.0 66.0 514.0 64.0 530.0 21.0 525.0 car 0
32.0 506.0 76.0 508.0 75.0 523.0 31.0 521.0 car 0
51.0 495.0 91.0 497.0 90.0 512.0 50.0 510.0 car 0
48.0 492.0 97.0 495.0 96.0 508.0 47.0 506.0 car 0
123.0 487.0 162.0 496.0 158.0 510.0 120.0 501.0 car 0
135.0 481.0 172.0 490.0 169.0 502.0 132.0 494.0 car 0
150.0 474.0 183.0 486.0 178.0 497.0 146.0 486.0 car 0
212.0 480.0 243.0 494.0 236.0 512.0 205.0 497.0 car 0
275.0 480.0 303.0 493.0 296.0 506.0 269.0 494.0 car 0
169.0 500.0 203.0 512.0 198.0 528.0 164.0 516.0 car 0
261.0 496.0 279.0 503.0 273.0 519.0 255.0 512.0 car 0
108.0 511.0 191.0 511.0 191.0 545.0 108.0 545.0 truck 0
163.0 541.0 183.0 544.0 181.0 561.0 160.0 558.0 car 0
216.0 526.0 252.0 538.0 246.0 557.0 209.0 545.0 truck 0
39.0 668.0 85.0 668.0 85.0 690.0 39.0 690.0 truck 0
162.0 685.0 94.0 686.0 93.0 649.0 161.0 648.0 truck 0
80.0 649.0 106.0 649.0 106.0 668.0 80.0 668.0 car 0
30.0 677.0 3.0 689.0 -13.0 652.0 15.0 641.0 tricycle 2
120.0 784.0 97.0 798.0 79.0 768.0 101.0 754.0 car 0
