178.0 0.0 187.0 0.0 187.0 6.0 178.0 6.0 car 0
194.0 0.0 202.0 0.0 202.0 5.0 194.0 5.0 car 0
192.0 10.0 202.0 10.0 202.0 18.0 192.0 18.0 car 0
192.0 38.0 202.0 38.0 202.0 48.0 192.0 48.0 car 0
165.0 7.0 171.0 7.0 171.0 15.0 165.0 15.0 car 0
160.0 38.0 169.0 38.0 169.0 49.0 160.0 49.0 car 0
175.0 46.0 185.0 46.0 185.0 57.0 175.0 57.0 car 0
191.0 79.0 200.0 79.0 200.0 87.0 191.0 87.0 car 0
208.0 116.0 220.0 116.0 220.0 127.0 208.0 127.0 car 0
211.0 105.0 222.0 105.0 222.0 114.0 211.0 114.0 car 0
207.0 42.0 213.0 42.0 213.0 50.0 207.0 50.0 car 0
125.0 91.0 136.0 91.0 136.0 100.0 125.0 100.0 motor 0
194.0 145.0 207.0 145.0 207.0 155.0 194.0 155.0 car 0
190.0 159.0 202.0 159.0 202.0 168.0 190.0 168.0 car 0
140.0 155.0 152.0 155.0 152.0 167.0 140.0 167.0 car 0
141.0 167.0 151.0 167.0 151.0 177.0 141.0 177.0 car 0
142.0 179.0 151.0 179.0 151.0 191.0 142.0 191.0 car 0
222.0 175.0 243.0 175.0 243.0 186.0 222.0 186.0 car 0
226.0 198.0 235.0 198.0 235.0 209.0 226.0 209.0 car 0
208.0 177.0 216.0 177.0 216.0 187.0 208.0 187.0 car 0
208.0 207.0 219.0 207.0 219.0 220.0 208.0 220.0 car 0
231.0 208.0 249.0 208.0 249.0 217.0 231.0 217.0 car 0
215.0 221.0 244.0 221.0 244.0 233.0 215.0 233.0 car 0
207.0 221.0 216.0 221.0 216.0 234.0 207.0 234.0 tricycle 0
235.0 262.0 223.0 263.0 222.0 247.0 234.0 246.0 car 0
207.0 261.0 217.0 261.0 217.0 273.0 207.0 273.0 car 0
134.0 206.0 148.0 206.0 148.0 214.0 134.0 214.0 car 0
134.0 215.0 145.0 215.0 145.0 221.0 134.0 221.0 car 0
135.0 220.0 145.0 220.0 145.0 231.0 135.0 231.0 truck 0
134.0 228.0 145.0 228.0 145.0 238.0 134.0 238.0 car 0
231.0 284.0 263.0 287.0 262.0 296.0 230.0 293.0 car 0
228.0 289.0 260.0 292.0 260.0 300.0 228.0 298.0 car 0
253.0 320.0 223.0 320.0 223.0 308.0 253.0 307.0 car 0
259.0 329.0 229.0 329.0 229.0 317.0 259.0 316.0 car 0
259.0 338.0 225.0 339.0 225.0 328.0 258.0 327.0 car 0
257.0 349.0 231.0 349.0 231.0 339.0 256.0 339.0 car 0
261.0 355.0 235.0 355.0 235.0 347.0 260.0 347.0 car 0
219.0 340.0 206.0 341.0 205.0 326.0 218.0 325.0 car 0
207.0 349.0 218.0 349.0 218.0 366.0 207.0 366.0 car 0
138.0 316.0 150.0 316.0 150.0 328.0 138.0 328.0 tricycle 0
118.0 337.0 133.0 337.0 133.0 354.0 118.0 354.0 car 0
96.0 348.0 112.0 348.0 112.0 361.0 96.0 361.0 car 0
93.0 366.0 110.0 366.0 110.0 381.0 93.0 381.0 car 0
111.0 377.0 126.0 377.0 125.0 396.0 110.0 395.0 car 0
179.0 401.0 185.0 401.0 185.0 413.0 179.0 413.0 motor 0
201.0 422.0 218.0 422.0 218.0 439.0 201.0 439.0 car 0
232.0 369.0 257.0 369.0 257.0 378.0 232.0 378.0 car 0
270.0 439.0 238.0 442.0 237.0 426.0 269.0 423.0 car 0
106.0 505.0 116.0 505.0 116.0 520.0 106.0 520.0 motor 0
86.0 491.0 56.0 494.0 55.0 483.0 85.0 480.0 car 0
166.0 533.0 184.0 534.0 183.0 552.0 165.0 551.0 car 0
309.0 786.0 340.0 786.0 340.0 802.0 309.0 802.0 car 0
283.0 782.0 289.0 782.0 289.0 791.0 283.0 791.0 bicycle 0
279.0 796.0 286.0 796.0 286.0 808.0 279.0 808.0 bicycle 0
313.0 790.0 319.0 790.0 319.0 799.0 313.0 799.0 bicycle 0
295.0 879.0 319.0 879.0 319.0 912.0 295.0 912.0 car 0
301.0 856.0 319.0 856.0 319.0 876.0 301.0 876.0 car 0
301.0 917.0 325.0 917.0 325.0 947.0 301.0 947.0 car 0
266.0 889.0 273.0 889.0 273.0 902.0 266.0 902.0 people 0
331.0 1019.0 306.0 1019.0 305.0 983.0 331.0 982.0 car 0
97.0 298.0 111.0 298.0 111.0 313.0 97.0 313.0 car 0
120.0 183.0 130.0 183.0 130.0 192.0 120.0 192.0 car 0
120.0 170.0 133.0 170.0 133.0 180.0 120.0 180.0 car 0
147.0 119.0 158.0 119.0 158.0 130.0 147.0 130.0 car 0
173.0 87.0 186.0 87.0 186.0 98.0 173.0 98.0 car 0
160.0 26.0 171.0 26.0 171.0 35.0 160.0 35.0 car 0
172.0 134.0 194.0 134.0 194.0 153.0 172.0 153.0 ignored 0
62.0 453.0 90.0 453.0 90.0 475.0 62.0 475.0 ignored 0
609.0 757.0 563.0 762.0 560.0 739.0 606.0 734.0 truck 0
282.0 830.0 288.0 830.0 288.0 843.0 282.0 843.0 people 0
607.0 679.0 641.0 679.0 641.0 703.0 607.0 703.0 car 0
545.0 682.0 561.0 682.0 561.0 694.0 545.0 694.0 car 0
