786.0 599.0 722.0 607.0 705.0 471.0 770.0 463.0 car 0
964.0 599.0 909.0 618.0 868.0 494.0 923.0 476.0 car 0
1027.0 592.0 970.0 605.0 940.0 478.0 997.0 465.0 car 2
930.0 672.0 873.0 690.0 866.0 667.0 923.0 649.0 motor 0
591.0 799.0 539.0 829.0 476.0 719.0 527.0 689.0 car 0
527.0 829.0 465.0 855.0 412.0 727.0 474.0 702.0 car 0
448.0 834.0 391.0 863.0 344.0 770.0 401.0 742.0 truck 0
1032.0 895.0 877.0 959.0 849.0 892.0 1005.0 828.0 truck 2
844.0 903.0 867.0 952.0 740.0 1010.0 718.0 961.0 car 0
703.0 958.0 722.0 1009.0 592.0 1057.0 573.0 1007.0 car 2
318.0 804.0 203.0 840.0 185.0 781.0 300.0 746.0 tricycle 0
