791.0 1025.0 764.0 1027.0 760.0 990.0 788.0 988.0 car 2
730.0 958.0 703.0 960.0 699.0 923.0 727.0 921.0 car 0
779.0 941.0 756.0 945.0 750.0 915.0 774.0 911.0 car 0
650.0 987.0 621.0 989.0 617.0 948.0 646.0 946.0 car 0
629.0 885.0 600.0 887.0 597.0 851.0 626.0 849.0 car 0
833.0 857.0 842.0 857.0 842.0 881.0 833.0 881.0 bridge 0
822.0 855.0 831.0 855.0 831.0 882.0 822.0 882.0 bridge 0
775.0 910.0 750.0 913.0 746.0 877.0 771.0 874.0 car 0
764.0 871.0 739.0 878.0 730.0 850.0 755.0 843.0 car 0
753.0 840.0 729.0 848.0 719.0 818.0 743.0 810.0 car 0
731.0 791.0 706.0 800.0 697.0 773.0 722.0 764.0 car 0
620.0 847.0 593.0 851.0 590.0 823.0 617.0 819.0 car 0
609.0 820.0 587.0 823.0 584.0 794.0 606.0 791.0 car 0
693.0 718.0 674.0 729.0 660.0 703.0 679.0 693.0 car 0
679.0 691.0 660.0 702.0 646.0 676.0 665.0 666.0 car 0
586.0 763.0 568.0 765.0 563.0 731.0 582.0 728.0 car 0
61.0 184.0 27.0 185.0 26.0 158.0 59.0 156.0 traffic-sign 0
612.0 606.0 596.0 615.0 586.0 596.0 602.0 588.0 car 0
597.0 592.0 581.0 601.0 571.0 580.0 586.0 572.0 car 0
584.0 568.0 570.0 580.0 555.0 560.0 569.0 549.0 car 0
427.0 449.0 419.0 458.0 408.0 447.0 416.0 438.0 car 0
410.0 436.0 400.0 448.0 384.0 433.0 394.0 422.0 car 0
393.0 421.0 383.0 435.0 366.0 421.0 377.0 408.0 car 0
355.0 403.0 347.0 413.0 329.0 397.0 337.0 387.0 car 0
321.0 384.0 302.0 394.0 295.0 380.0 314.0 371.0 car 0
280.0 361.0 301.0 361.0 301.0 378.0 280.0 378.0 car 0
250.0 335.0 265.0 347.0 258.0 355.0 243.0 343.0 car 0
125.0 234.0 97.0 263.0 37.0 206.0 65.0 177.0 ignored 0
