152.0 892.0 140.0 893.0 137.0 863.0 149.0 862.0 people 0
231.0 821.0 219.0 822.0 217.0 801.0 229.0 800.0 people 0
509.0 0.0 576.0 0.0 576.0 35.0 509.0 35.0 ship 0
575.0 0.0 642.0 0.0 642.0 35.0 575.0 35.0 ship 0
636.0 0.0 725.0 0.0 725.0 34.0 636.0 34.0 ship 0
384.0 72.0 393.0 72.0 393.0 88.0 384.0 88.0 people 0
328.0 540.0 359.0 553.0 342.0 592.0 311.0 579.0 car 0
300.0 568.0 332.0 582.0 312.0 625.0 281.0 610.0 car 0
397.0 951.0 408.0 951.0 408.0 982.0 397.0 982.0 people 0
632.0 597.0 1005.0 597.0 1005.0 708.0 632.0 708.0 ship 0
544.0 156.0 550.0 156.0 550.0 177.0 544.0 177.0 people 0
556.0 157.0 563.0 157.0 563.0 174.0 556.0 174.0 people 0
577.0 202.0 584.0 202.0 584.0 221.0 577.0 221.0 people 0
570.0 198.0 578.0 198.0 578.0 219.0 570.0 219.0 people 0
564.0 228.0 572.0 228.0 572.0 246.0 564.0 246.0 people 0
528.0 231.0 535.0 231.0 535.0 251.0 528.0 251.0 people 0
522.0 265.0 532.0 265.0 532.0 288.0 522.0 288.0 people 0
515.0 278.0 522.0 278.0 522.0 298.0 515.0 298.0 people 0
522.0 283.0 530.0 283.0 530.0 304.0 522.0 304.0 people 0
470.0 266.0 478.0 266.0 478.0 284.0 470.0 284.0 people 0
499.0 314.0 493.0 314.0 490.0 292.0 497.0 292.0 people 0
504.0 312.0 497.0 313.0 494.0 290.0 501.0 289.0 people 0
448.0 321.0 458.0 321.0 458.0 344.0 448.0 344.0 people 0
387.0 280.0 394.0 280.0 394.0 299.0 387.0 299.0 people 0
426.0 300.0 417.0 301.0 416.0 284.0 425.0 283.0 people 0
398.0 393.0 408.0 393.0 408.0 415.0 398.0 415.0 people 0
387.0 392.0 398.0 392.0 398.0 416.0 387.0 416.0 people 0
379.0 406.0 371.0 407.0 368.0 383.0 376.0 382.0 people 0
276.0 455.0 266.0 456.0 263.0 434.0 273.0 433.0 people 0
255.0 436.0 265.0 436.0 265.0 455.0 255.0 455.0 people 0
247.0 429.0 256.0 429.0 256.0 452.0 247.0 452.0 people 0
388.0 554.0 396.0 554.0 396.0 569.0 388.0 569.0 people 0
404.0 526.0 414.0 527.0 412.0 548.0 401.0 547.0 people 0
449.0 497.0 441.0 500.0 434.0 482.0 442.0 479.0 people 0
471.0 433.0 464.0 435.0 460.0 416.0 468.0 414.0 people 0
473.0 453.0 465.0 458.0 457.0 442.0 465.0 437.0 people 0
453.0 452.0 461.0 452.0 461.0 465.0 453.0 465.0 people 0
477.0 410.0 485.0 410.0 485.0 425.0 477.0 425.0 people 0
495.0 377.0 503.0 377.0 503.0 391.0 495.0 391.0 people 0
506.0 360.0 515.0 360.0 515.0 375.0 506.0 375.0 people 0
505.0 404.0 497.0 410.0 486.0 394.0 494.0 388.0 people 0
536.0 302.0 541.0 302.0 541.0 324.0 536.0 324.0 people 0
543.0 303.0 549.0 303.0 549.0 315.0 543.0 315.0 people 0
548.0 301.0 556.0 301.0 556.0 313.0 548.0 313.0 people 0
526.0 327.0 535.0 327.0 535.0 343.0 526.0 343.0 people 0
519.0 344.0 527.0 344.0 527.0 359.0 519.0 359.0 people 0
594.0 220.0 600.0 220.0 600.0 228.0 594.0 228.0 people 0
608.0 199.0 615.0 199.0 615.0 208.0 608.0 208.0 ignored 0
587.0 228.0 594.0 228.0 594.0 237.0 587.0 237.0 people 0
581.0 238.0 588.0 238.0 588.0 250.0 581.0 250.0 people 0
574.0 250.0 580.0 250.0 580.0 262.0 574.0 262.0 people 0
568.0 264.0 574.0 264.0 574.0 274.0 568.0 274.0 people 0
562.0 276.0 569.0 276.0 569.0 285.0 562.0 285.0 people 0
553.0 273.0 562.0 273.0 562.0 289.0 553.0 289.0 people 0
551.0 291.0 559.0 291.0 559.0 302.0 551.0 302.0 people 0
393.0 805.0 1007.0 867.0 993.0 1003.0 379.0 942.0 bridge 0
458.0 721.0 970.0 772.0 961.0 864.0 449.0 813.0 bridge 0
486.0 634.0 998.0 685.0 989.0 777.0 477.0 726.0 bridge 0
