337.0 67.0 385.0 67.0 385.0 84.0 337.0 84.0 boat 0
305.0 704.0 320.0 704.0 320.0 724.0 305.0 724.0 people 0
296.0 717.0 337.0 717.0 337.0 734.0 296.0 734.0 motor 0
503.0 698.0 518.0 698.0 518.0 718.0 503.0 718.0 people 0
521.0 684.0 536.0 684.0 536.0 704.0 521.0 704.0 people 0
686.0 696.0 701.0 696.0 701.0 716.0 686.0 716.0 people 0
729.0 688.0 744.0 688.0 744.0 708.0 729.0 708.0 people 0
846.0 661.0 861.0 661.0 861.0 681.0 846.0 681.0 people 0
861.0 681.0 876.0 681.0 876.0 701.0 861.0 701.0 people 0
516.0 698.0 557.0 698.0 557.0 715.0 516.0 715.0 motor 0
498.0 708.0 533.0 708.0 533.0 723.0 498.0 723.0 motor 0
713.0 696.0 755.0 696.0 755.0 712.0 713.0 712.0 motor 0
838.0 668.0 869.0 668.0 869.0 690.0 838.0 690.0 motor 0
818.0 565.0 848.0 565.0 848.0 584.0 818.0 584.0 motor 0
864.0 568.0 894.0 568.0 894.0 587.0 864.0 587.0 motor 0
872.0 559.0 887.0 559.0 887.0 579.0 872.0 579.0 people 0
827.0 556.0 842.0 556.0 842.0 576.0 827.0 576.0 people 0
616.0 575.0 631.0 575.0 631.0 595.0 616.0 595.0 people 0
522.0 574.0 537.0 574.0 537.0 594.0 522.0 594.0 people 0
506.0 583.0 521.0 583.0 521.0 603.0 506.0 603.0 people 0
462.0 581.0 477.0 581.0 477.0 601.0 462.0 601.0 people 0
380.0 581.0 395.0 581.0 395.0 601.0 380.0 601.0 people 0
377.0 590.0 407.0 590.0 407.0 610.0 377.0 610.0 motor 0
454.0 588.0 484.0 588.0 484.0 608.0 454.0 608.0 motor 0
500.0 589.0 530.0 589.0 530.0 609.0 500.0 609.0 motor 0
518.0 583.0 548.0 583.0 548.0 603.0 518.0 603.0 motor 0
608.0 583.0 638.0 583.0 638.0 603.0 608.0 603.0 motor 0
62.0 598.0 92.0 598.0 92.0 618.0 62.0 618.0 motor 0
66.0 592.0 81.0 592.0 81.0 612.0 66.0 612.0 people 0
99.0 602.0 114.0 602.0 114.0 622.0 99.0 622.0 people 0
541.0 631.0 628.0 631.0 628.0 671.0 541.0 671.0 truck 0
850.0 688.0 886.0 688.0 886.0 704.0 850.0 704.0 motor 0
920.0 531.0 4.0 558.0 0.0 403.0 916.0 375.0 bridge 0
1155.0 883.0 13.0 928.0 0.0 581.0 1142.0 535.0 bridge 2
