495.0 943.0 436.0 947.0 417.0 629.0 476.0 625.0 bridge 0
449.0 656.0 460.0 656.0 460.0 690.0 449.0 690.0 people 0
458.0 900.0 471.0 901.0 467.0 931.0 455.0 930.0 people 0
28.0 645.0 78.0 650.0 51.0 924.0 1.0 919.0 bridge 0
-1.0 442.0 62.0 442.0 62.0 465.0 -1.0 465.0 car 2
76.0 408.0 113.0 408.0 113.0 478.0 76.0 478.0 bus 0
157.0 480.0 175.0 480.0 175.0 505.0 157.0 505.0 car 0
162.0 469.0 139.0 471.0 136.0 444.0 160.0 442.0 car 0
134.0 357.0 157.0 357.0 157.0 384.0 134.0 384.0 car 0
89.0 374.0 110.0 374.0 110.0 396.0 89.0 396.0 car 0
138.0 319.0 159.0 319.0 159.0 341.0 138.0 341.0 car 0
50.0 382.0 69.0 382.0 69.0 409.0 50.0 409.0 traffic-sign 0
150.0 284.0 171.0 284.0 171.0 306.0 150.0 306.0 car 0
150.0 252.0 169.0 253.0 168.0 277.0 149.0 276.0 car 0
127.0 238.0 146.0 240.0 144.0 261.0 125.0 259.0 car 0
177.0 248.0 157.0 248.0 156.0 227.0 176.0 227.0 car 0
175.0 255.0 198.0 255.0 198.0 281.0 175.0 281.0 car 0
162.0 194.0 182.0 194.0 182.0 214.0 162.0 213.0 car 0
161.0 166.0 181.0 166.0 181.0 186.0 161.0 185.0 car 0
169.0 137.0 189.0 139.0 187.0 156.0 168.0 154.0 car 0
210.0 25.0 198.0 25.0 197.0 11.0 210.0 11.0 car 0
208.0 51.0 192.0 51.0 192.0 36.0 208.0 36.0 car 0
375.0 356.0 353.0 356.0 353.0 330.0 375.0 329.0 car 0
342.0 122.0 325.0 122.0 325.0 106.0 341.0 105.0 car 0
343.0 149.0 326.0 149.0 326.0 134.0 343.0 134.0 car 0
346.0 372.0 330.0 372.0 330.0 347.0 346.0 347.0 car 0
165.0 436.0 140.0 436.0 139.0 393.0 164.0 392.0 truck 0
937.0 422.0 947.0 422.0 947.0 441.0 937.0 441.0 people 0
968.0 417.0 979.0 417.0 979.0 434.0 968.0 434.0 motor 0
896.0 358.0 995.0 358.0 995.0 409.0 896.0 409.0 ignored 0
822.0 762.0 836.0 762.0 836.0 788.0 822.0 788.0 people 0
829.0 959.0 842.0 960.0 838.0 991.0 826.0 989.0 people 0
792.0 940.0 805.0 940.0 805.0 971.0 792.0 971.0 people 0
809.0 939.0 822.0 939.0 822.0 970.0 809.0 970.0 people 0
920.0 898.0 938.0 898.0 938.0 931.0 920.0 931.0 bicycle 0
805.0 748.0 848.0 992.0 773.0 1005.0 731.0 760.0 bridge 0
782.0 793.0 797.0 793.0 797.0 818.0 782.0 818.0 people 0
237.0 9.0 259.0 9.0 259.0 38.0 237.0 38.0 bus 0
