38.0 372.0 -12.0 377.0 -16.0 344.0 35.0 339.0 traffic-sign 2
67.0 508.0 42.0 526.0 -35.0 413.0 -10.0 395.0 ignored 2
43.0 447.0 29.0 450.0 24.0 424.0 38.0 421.0 motor 0
856.0 764.0 873.0 764.0 873.0 796.0 856.0 796.0 people 0
912.0 719.0 925.0 719.0 925.0 751.0 912.0 751.0 people 0
888.0 910.0 901.0 910.0 901.0 932.0 888.0 932.0 traffic-light 0
633.0 935.0 665.0 938.0 662.0 964.0 630.0 961.0 motor 0
761.0 1087.0 498.0 1308.0 -20.0 694.0 244.0 472.0 bridge 2
344.0 685.0 904.0 685.0 904.0 829.0 344.0 829.0 bridge 0
24.0 891.0 118.0 901.0 113.0 947.0 20.0 937.0 car 0
263.0 570.0 236.0 585.0 215.0 547.0 242.0 532.0 car 0
293.0 620.0 264.0 635.0 245.0 600.0 273.0 585.0 car 0
316.0 649.0 281.0 660.0 270.0 623.0 305.0 612.0 car 0
335.0 679.0 304.0 696.0 282.0 656.0 314.0 639.0 car 0
