-30.0 773.0 53.0 782.0 50.0 816.0 -33.0 807.0 car 2
31.0 539.0 35.0 564.0 -27.0 575.0 -31.0 550.0 car 2
94.0 460.0 102.0 490.0 51.0 504.0 43.0 474.0 car 0
138.0 420.0 144.0 450.0 91.0 459.0 86.0 429.0 car 0
109.0 357.0 108.0 386.0 54.0 385.0 55.0 356.0 car 0
72.0 568.0 63.0 606.0 24.0 597.0 33.0 559.0 car 0
45.0 602.0 36.0 640.0 -3.0 631.0 6.0 593.0 car 2
132.0 679.0 125.0 708.0 73.0 695.0 79.0 666.0 car 0
156.0 648.0 149.0 677.0 97.0 664.0 103.0 635.0 car 0
280.0 399.0 330.0 433.0 186.0 642.0 137.0 608.0 ignored 0
-43.0 948.0 59.0 959.0 55.0 992.0 -46.0 981.0 car 2
-19.0 927.0 83.0 928.0 82.0 966.0 -19.0 964.0 car 2
297.0 1009.0 195.0 1018.0 192.0 981.0 294.0 972.0 car 0
324.0 983.0 222.0 992.0 219.0 955.0 321.0 946.0 car 0
221.0 925.0 324.0 926.0 324.0 963.0 221.0 962.0 car 0
366.0 895.0 264.0 904.0 261.0 867.0 363.0 858.0 car 0
386.0 853.0 289.0 861.0 286.0 828.0 383.0 819.0 car 0
386.0 829.0 297.0 837.0 294.0 806.0 384.0 798.0 car 0
410.0 793.0 321.0 801.0 318.0 770.0 408.0 762.0 car 0
433.0 757.0 344.0 765.0 341.0 734.0 431.0 726.0 car 0
463.0 691.0 373.0 702.0 370.0 671.0 459.0 661.0 car 0
478.0 653.0 402.0 655.0 402.0 624.0 478.0 622.0 car 0
114.0 759.0 202.0 762.0 201.0 799.0 112.0 795.0 car 0
83.0 794.0 162.0 805.0 157.0 834.0 79.0 823.0 car 0
60.0 808.0 150.0 820.0 145.0 855.0 55.0 843.0 car 0
50.0 832.0 132.0 845.0 126.0 879.0 44.0 866.0 car 0
41.0 852.0 123.0 865.0 117.0 899.0 35.0 886.0 car 0
32.0 868.0 112.0 889.0 104.0 923.0 23.0 901.0 car 0
135.0 717.0 222.0 737.0 214.0 772.0 127.0 753.0 car 0
142.0 703.0 225.0 713.0 221.0 742.0 138.0 732.0 car 0
166.0 674.0 249.0 684.0 245.0 713.0 162.0 703.0 car 0
176.0 655.0 259.0 665.0 255.0 694.0 172.0 684.0 car 0
218.0 616.0 290.0 625.0 286.0 651.0 214.0 643.0 car 0
228.0 591.0 298.0 607.0 292.0 633.0 222.0 617.0 car 0
254.0 561.0 326.0 570.0 322.0 596.0 250.0 588.0 car 0
263.0 548.0 335.0 557.0 331.0 583.0 259.0 575.0 car 0
427.0 580.0 500.0 581.0 499.0 608.0 426.0 607.0 car 0
515.0 577.0 443.0 583.0 441.0 557.0 513.0 551.0 car 0
515.0 553.0 457.0 558.0 455.0 533.0 513.0 528.0 car 0
422.0 349.0 497.0 350.0 497.0 387.0 421.0 385.0 car 0
373.0 380.0 436.0 381.0 435.0 410.0 373.0 408.0 car 0
312.0 383.0 375.0 384.0 374.0 413.0 312.0 411.0 car 0
352.0 413.0 406.0 442.0 339.0 566.0 285.0 536.0 ignored 0
557.0 346.0 610.0 374.0 523.0 539.0 471.0 512.0 ignored 0
93.0 424.0 70.0 457.0 -10.0 402.0 14.0 368.0 ignored 2
381.0 0.0 402.0 25.0 340.0 76.0 320.0 50.0 ignored 0
450.0 0.0 469.0 22.0 405.0 75.0 387.0 52.0 ignored 0
421.0 49.0 450.0 52.0 449.0 67.0 420.0 64.0 car 0
536.0 69.0 501.0 72.0 499.0 51.0 534.0 48.0 car 0
451.0 1.0 484.0 1.0 484.0 16.0 451.0 16.0 car 0
288.0 0.0 321.0 0.0 321.0 14.0 288.0 14.0 truck 0
616.0 46.0 649.0 46.0 649.0 62.0 616.0 62.0 car 0
679.0 0.0 710.0 12.0 686.0 72.0 655.0 60.0 ignored 0
553.0 1.0 586.0 1.0 586.0 16.0 553.0 16.0 truck 0
945.0 107.0 925.0 108.0 924.0 87.0 944.0 86.0 car 0
942.0 28.0 924.0 28.0 924.0 15.0 942.0 14.0 car 0
1000.0 17.0 985.0 18.0 984.0 5.0 1000.0 4.0 car 0
1000.0 27.0 1018.0 27.0 1018.0 45.0 1000.0 45.0 car 0
988.0 356.0 1024.0 356.0 1024.0 399.0 988.0 399.0 car 0
930.0 360.0 964.0 360.0 964.0 396.0 930.0 396.0 car 0
850.0 406.0 880.0 406.0 880.0 444.0 850.0 444.0 car 0
730.0 657.0 767.0 665.0 756.0 717.0 719.0 710.0 car 0
678.0 767.0 692.0 767.0 692.0 799.0 678.0 799.0 people 0
562.0 581.0 650.0 601.0 490.0 1318.0 401.0 1298.0 bridge 2
867.0 574.0 874.0 644.0 597.0 672.0 590.0 602.0 bridge 0
