41.0 107.0 21.0 108.0 20.0 87.0 40.0 86.0 car 0
38.0 28.0 20.0 28.0 20.0 15.0 38.0 14.0 car 0
96.0 17.0 81.0 18.0 80.0 5.0 96.0 4.0 car 0
96.0 27.0 114.0 27.0 114.0 45.0 96.0 45.0 car 0
126.0 10.0 143.0 10.0 143.0 27.0 126.0 27.0 car 0
202.0 53.0 224.0 53.0 224.0 71.0 202.0 71.0 car 0
266.0 148.0 287.0 148.0 287.0 168.0 266.0 168.0 car 0
248.0 221.0 275.0 221.0 275.0 244.0 248.0 244.0 car 0
227.0 376.0 264.0 376.0 264.0 409.0 227.0 409.0 car 0
84.0 356.0 120.0 356.0 120.0 399.0 84.0 399.0 car 0
26.0 360.0 60.0 360.0 60.0 396.0 26.0 396.0 car 0
315.0 744.0 272.0 749.0 267.0 698.0 310.0 694.0 car 0
447.0 666.0 403.0 671.0 398.0 625.0 443.0 621.0 car 0
508.0 585.0 484.0 588.0 481.0 557.0 505.0 555.0 car 0
553.0 604.0 518.0 608.0 514.0 575.0 550.0 571.0 car 0
565.0 680.0 526.0 689.0 518.0 650.0 558.0 642.0 car 0
620.0 761.0 586.0 769.0 576.0 722.0 611.0 714.0 truck 0
379.0 181.0 402.0 181.0 402.0 203.0 379.0 203.0 car 0
387.0 199.0 409.0 199.0 409.0 218.0 387.0 218.0 car 0
389.0 210.0 411.0 210.0 411.0 229.0 389.0 229.0 car 0
420.0 243.0 398.0 246.0 397.0 227.0 418.0 224.0 car 0
430.0 236.0 468.0 243.0 463.0 265.0 425.0 257.0 car 0
449.0 399.0 479.0 399.0 479.0 424.0 449.0 424.0 car 0
656.0 488.0 624.0 491.0 620.0 447.0 652.0 444.0 car 0
372.0 91.0 388.0 94.0 384.0 115.0 368.0 112.0 traffic-sign 0
342.0 56.0 367.0 56.0 367.0 76.0 342.0 76.0 car 0
585.0 11.0 699.0 11.0 699.0 32.0 585.0 32.0 ignored 0
588.0 693.0 601.0 694.0 598.0 724.0 585.0 723.0 people 0
513.0 504.0 528.0 504.0 528.0 533.0 513.0 533.0 people 0
529.0 507.0 541.0 507.0 541.0 532.0 529.0 532.0 people 0
575.0 353.0 585.0 353.0 585.0 376.0 575.0 376.0 people 0
582.0 355.0 593.0 355.0 593.0 378.0 582.0 378.0 people 0
695.0 581.0 708.0 581.0 708.0 606.0 695.0 606.0 people 0
802.0 809.0 816.0 810.0 812.0 849.0 799.0 848.0 people 0
813.0 811.0 828.0 812.0 824.0 849.0 810.0 847.0 people 0
759.0 866.0 773.0 867.0 770.0 895.0 757.0 894.0 people 0
746.0 867.0 760.0 868.0 757.0 890.0 744.0 889.0 people 0
710.0 943.0 725.0 943.0 725.0 979.0 710.0 979.0 people 0
691.0 881.0 707.0 884.0 700.0 919.0 684.0 916.0 people 0
643.0 729.0 661.0 729.0 661.0 745.0 643.0 745.0 traffic-sign 0
886.0 926.0 900.0 927.0 897.0 963.0 883.0 962.0 people 0
863.0 959.0 877.0 960.0 874.0 996.0 860.0 995.0 people 0
827.0 893.0 839.0 894.0 835.0 925.0 824.0 924.0 people 0
1053.0 1273.0 972.0 1308.0 677.0 612.0 759.0 578.0 bridge 2
133.0 401.0 175.0 401.0 175.0 453.0 133.0 453.0 bus 0
766.0 584.0 768.0 654.0 490.0 662.0 488.0 592.0 bridge 0
