931.0 582.0 896.0 589.0 880.0 514.0 915.0 507.0 people 0
987.0 567.0 948.0 576.0 933.0 505.0 973.0 497.0 people 0
1016.0 533.0 978.0 545.0 956.0 476.0 995.0 464.0 people 0
381.0 473.0 342.0 485.0 312.0 387.0 351.0 375.0 people 0
93.0 807.0 233.0 850.0 161.0 1082.0 22.0 1039.0 tricycle 2
201.0 794.0 338.0 794.0 338.0 1020.0 201.0 1020.0 tricycle 0
563.0 743.0 664.0 753.0 646.0 925.0 546.0 915.0 tricycle 0
328.0 807.0 465.0 821.0 446.0 1010.0 309.0 996.0 tricycle 0
439.0 795.0 576.0 809.0 557.0 998.0 420.0 984.0 tricycle 0
648.0 757.0 757.0 768.0 738.0 960.0 628.0 949.0 tricycle 0
744.0 692.0 843.0 692.0 843.0 897.0 744.0 897.0 tricycle 0
855.0 665.0 954.0 665.0 954.0 870.0 855.0 870.0 tricycle 0
936.0 573.0 1023.0 573.0 1023.0 730.0 936.0 730.0 tricycle 0
854.0 568.0 948.0 568.0 948.0 707.0 854.0 707.0 tricycle 0
755.0 606.0 849.0 606.0 849.0 745.0 755.0 745.0 tricycle 0
764.0 746.0 670.0 755.0 656.0 617.0 750.0 607.0 tricycle 0
679.0 772.0 585.0 781.0 571.0 643.0 665.0 633.0 tricycle 0
495.0 648.0 589.0 658.0 575.0 796.0 481.0 787.0 tricycle 0
420.0 650.0 511.0 678.0 470.0 811.0 379.0 783.0 tricycle 0
295.0 669.0 389.0 679.0 375.0 817.0 281.0 808.0 tricycle 0
141.0 697.0 233.0 716.0 206.0 852.0 113.0 833.0 tricycle 0
82.0 759.0 43.0 771.0 13.0 673.0 52.0 661.0 people 0
