140.0 0.0 315.0 0.0 315.0 84.0 140.0 84.0 ignored 0
463.0 7.0 482.0 7.0 482.0 17.0 463.0 17.0 car 0
400.0 37.0 415.0 37.0 415.0 46.0 400.0 46.0 car 0
379.0 57.0 391.0 57.0 391.0 70.0 379.0 70.0 car 0
473.0 223.0 449.0 228.0 430.0 132.0 454.0 127.0 ignored 0
579.0 264.0 540.0 280.0 506.0 198.0 545.0 182.0 ignored 0
365.0 316.0 336.0 317.0 335.0 296.0 365.0 295.0 traffic-sign 0
379.0 296.0 408.0 296.0 408.0 316.0 379.0 316.0 traffic-sign 0
480.0 247.0 508.0 247.0 508.0 263.0 480.0 263.0 traffic-sign 0
220.0 80.0 396.0 80.0 396.0 169.0 220.0 169.0 ignored 0
246.0 172.0 269.0 172.0 269.0 207.0 246.0 207.0 truck 0
279.0 190.0 291.0 190.0 291.0 204.0 279.0 204.0 car 0
286.0 211.0 303.0 211.0 303.0 227.0 286.0 227.0 car 0
285.0 232.0 300.0 232.0 300.0 247.0 285.0 247.0 car 0
285.0 250.0 302.0 250.0 302.0 269.0 285.0 269.0 truck 0
312.0 255.0 329.0 255.0 329.0 270.0 312.0 270.0 car 0
302.0 277.0 319.0 277.0 319.0 293.0 302.0 293.0 car 0
117.0 945.0 148.0 947.0 146.0 995.0 115.0 993.0 car 0
206.0 989.0 174.0 991.0 172.0 940.0 204.0 938.0 car 0
225.0 952.0 256.0 952.0 255.0 998.0 224.0 997.0 car 0
113.0 894.0 142.0 894.0 141.0 939.0 112.0 938.0 car 0
119.0 833.0 146.0 833.0 145.0 875.0 118.0 874.0 car 0
168.0 775.0 194.0 775.0 193.0 817.0 167.0 816.0 car 0
176.0 894.0 201.0 894.0 201.0 943.0 176.0 943.0 truck 0
257.0 951.0 230.0 951.0 229.0 910.0 257.0 909.0 truck 0
230.0 869.0 258.0 869.0 257.0 911.0 229.0 910.0 car 0
177.0 865.0 205.0 865.0 204.0 902.0 177.0 901.0 car 0
182.0 828.0 211.0 832.0 206.0 871.0 177.0 868.0 car 0
217.0 829.0 242.0 829.0 241.0 867.0 216.0 866.0 car 0
221.0 777.0 248.0 777.0 247.0 815.0 220.0 814.0 car 0
219.0 742.0 246.0 742.0 245.0 779.0 218.0 778.0 car 0
162.0 582.0 198.0 582.0 198.0 696.0 162.0 696.0 truck 0
410.0 308.0 428.0 308.0 428.0 326.0 410.0 326.0 car 0
388.0 335.0 407.0 335.0 407.0 352.0 388.0 352.0 car 0
414.0 336.0 433.0 336.0 433.0 356.0 414.0 356.0 car 0
396.0 364.0 414.0 364.0 414.0 382.0 396.0 382.0 car 0
433.0 411.0 457.0 411.0 457.0 433.0 433.0 433.0 car 0
396.0 435.0 413.0 437.0 410.0 458.0 393.0 457.0 car 0
368.0 231.0 384.0 231.0 384.0 247.0 368.0 247.0 car 0
481.0 251.0 465.0 252.0 463.0 235.0 480.0 234.0 car 0
483.0 263.0 519.0 270.0 516.0 283.0 480.0 277.0 car 0
528.0 301.0 494.0 308.0 491.0 295.0 525.0 287.0 car 0
554.0 276.0 595.0 279.0 593.0 293.0 553.0 289.0 car 0
564.0 300.0 527.0 304.0 526.0 291.0 563.0 287.0 car 0
617.0 283.0 654.0 286.0 653.0 299.0 616.0 296.0 car 0
605.0 298.0 591.0 314.0 582.0 304.0 596.0 289.0 car 0
689.0 314.0 652.0 320.0 649.0 302.0 687.0 296.0 car 0
815.0 301.0 809.0 319.0 794.0 314.0 800.0 296.0 car 0
795.0 322.0 792.0 334.0 778.0 331.0 781.0 319.0 car 0
820.0 325.0 818.0 339.0 795.0 336.0 797.0 322.0 car 0
646.0 443.0 645.0 465.0 626.0 465.0 627.0 443.0 car 0
685.0 484.0 687.0 506.0 659.0 509.0 657.0 487.0 car 0
703.0 510.0 702.0 528.0 651.0 527.0 651.0 509.0 car 0
724.0 563.0 706.0 580.0 682.0 555.0 700.0 537.0 car 0
457.0 365.0 472.0 365.0 472.0 375.0 457.0 375.0 motor 0
495.0 347.0 502.0 347.0 502.0 357.0 495.0 357.0 motor 0
541.0 391.0 512.0 396.0 495.0 314.0 525.0 308.0 ignored 0
25.0 301.0 31.0 301.0 31.0 312.0 25.0 312.0 motor 0
71.0 300.0 78.0 300.0 78.0 314.0 71.0 314.0 motor 0
71.0 108.0 65.0 109.0 62.0 97.0 69.0 96.0 motor 0
81.0 107.0 76.0 108.0 73.0 97.0 79.0 96.0 motor 0
104.0 143.0 96.0 144.0 95.0 128.0 103.0 128.0 motor 0
308.0 566.0 331.0 566.0 331.0 593.0 308.0 593.0 truck 0
394.0 598.0 416.0 598.0 416.0 621.0 394.0 621.0 car 0
446.0 537.0 457.0 537.0 457.0 550.0 446.0 550.0 motor 0
412.0 759.0 439.0 760.0 437.0 794.0 411.0 794.0 car 0
872.0 970.0 842.0 989.0 810.0 941.0 841.0 921.0 car 0
836.0 987.0 805.0 1002.0 783.0 955.0 815.0 940.0 car 0
830.0 901.0 808.0 906.0 805.0 890.0 828.0 886.0 motor 0
848.0 987.0 898.0 987.0 898.0 1020.0 848.0 1020.0 ignored 0
601.0 878.0 768.0 878.0 768.0 942.0 601.0 942.0 ignored 0
863.0 903.0 843.0 906.0 840.0 892.0 861.0 888.0 motor 0
591.0 911.0 563.0 913.0 559.0 878.0 588.0 875.0 car 0
505.0 1015.0 494.0 1016.0 492.0 999.0 504.0 998.0 motor 0
527.0 659.0 535.0 659.0 535.0 671.0 527.0 671.0 motor 0
530.0 606.0 520.0 607.0 519.0 593.0 529.0 592.0 motor 0
522.0 527.0 530.0 527.0 530.0 537.0 522.0 537.0 motor 0
544.0 603.0 570.0 606.0 566.0 639.0 540.0 637.0 truck 0
637.0 635.0 636.0 660.0 587.0 659.0 588.0 634.0 truck 0
756.0 731.0 735.0 734.0 729.0 695.0 751.0 692.0 truck 0
592.0 382.0 651.0 382.0 651.0 399.0 592.0 399.0 ignored 0
567.0 388.0 550.0 389.0 549.0 363.0 567.0 362.0 truck 0
573.0 403.0 625.0 403.0 625.0 555.0 573.0 555.0 ignored 0
625.0 612.0 624.0 633.0 583.0 633.0 583.0 611.0 truck 0
580.0 557.0 633.0 557.0 633.0 610.0 580.0 610.0 ignored 0
677.0 721.0 653.0 722.0 652.0 693.0 676.0 692.0 car 0
703.0 759.0 673.0 770.0 660.0 733.0 690.0 722.0 car 0
736.0 855.0 737.0 877.0 669.0 881.0 668.0 858.0 car 0
725.0 837.0 726.0 859.0 666.0 863.0 665.0 840.0 car 0
634.0 836.0 667.0 836.0 667.0 873.0 634.0 873.0 ignored 0
676.0 811.0 675.0 836.0 617.0 834.0 617.0 810.0 car 0
591.0 719.0 669.0 719.0 669.0 793.0 591.0 793.0 ignored 0
583.0 855.0 559.0 858.0 556.0 828.0 581.0 826.0 car 0
824.0 872.0 800.0 874.0 799.0 859.0 823.0 857.0 motor 0
809.0 855.0 785.0 857.0 784.0 842.0 808.0 840.0 motor 0
781.0 823.0 803.0 823.0 803.0 839.0 781.0 839.0 motor 0
773.0 778.0 751.0 781.0 750.0 765.0 772.0 763.0 motor 0
764.0 760.0 742.0 763.0 741.0 747.0 763.0 745.0 motor 0
512.0 867.0 528.0 868.0 525.0 898.0 509.0 896.0 traffic-sign 0
704.0 604.0 729.0 609.0 725.0 633.0 699.0 628.0 car 0
736.0 660.0 719.0 661.0 718.0 650.0 735.0 648.0 motor 0
658.0 425.0 687.0 425.0 687.0 482.0 658.0 482.0 ignored 0
313.0 179.0 320.0 179.0 320.0 190.0 313.0 190.0 motor 0
425.0 200.0 440.0 200.0 440.0 219.0 425.0 219.0 car 0
423.0 145.0 431.0 145.0 431.0 158.0 423.0 158.0 motor 0
608.0 295.0 632.0 295.0 632.0 304.0 608.0 304.0 car 0
820.0 299.0 833.0 299.0 833.0 317.0 820.0 317.0 car 0
545.0 587.0 566.0 587.0 566.0 602.0 545.0 602.0 car 0
533.0 574.0 544.0 574.0 544.0 591.0 533.0 591.0 tricycle 0
542.0 507.0 559.0 507.0 559.0 527.0 542.0 527.0 tricycle 0
550.0 716.0 575.0 716.0 575.0 739.0 550.0 739.0 car 0
551.0 741.0 576.0 741.0 576.0 769.0 551.0 769.0 car 0
555.0 798.0 580.0 798.0 580.0 825.0 555.0 825.0 car 0
759.0 781.0 789.0 781.0 789.0 807.0 759.0 807.0 ignored 0
814.0 1034.0 724.0 1043.0 719.0 984.0 808.0 975.0 ignored 2
