-295.0 94.0 435.0 94.0 435.0 269.0 -295.0 269.0 bridge 2
482.0 328.0 509.0 328.0 509.0 364.0 482.0 364.0 people 0
63.0 639.0 5.0 640.0 2.0 505.0 60.0 503.0 car 0
621.0 724.0 622.0 777.0 592.0 777.0 591.0 724.0 motor 0
616.0 456.0 616.0 506.0 589.0 506.0 588.0 456.0 motor 0
575.0 445.0 575.0 500.0 549.0 501.0 548.0 445.0 motor 0
617.0 333.0 619.0 378.0 592.0 380.0 590.0 334.0 motor 0
603.0 571.0 628.0 571.0 628.0 612.0 603.0 612.0 bicycle 0
820.0 663.0 757.0 668.0 746.0 519.0 808.0 514.0 car 0
590.0 190.0 597.0 236.0 567.0 240.0 561.0 194.0 motor 0
617.0 158.0 623.0 211.0 593.0 214.0 587.0 162.0 motor 0
586.0 51.0 589.0 105.0 564.0 106.0 560.0 53.0 motor 0
622.0 191.0 646.0 191.0 646.0 218.0 622.0 218.0 people 0
593.0 0.0 615.0 0.0 615.0 35.0 593.0 35.0 people 0
