1010.0 0.0 1032.0 0.0 1032.0 15.0 1010.0 15.0 car 2
1000.0 37.0 1021.0 37.0 1021.0 68.0 1000.0 68.0 truck 0
893.0 101.0 922.0 101.0 922.0 124.0 893.0 124.0 car 0
491.0 715.0 626.0 715.0 626.0 797.0 491.0 797.0 traffic-sign 0
309.0 715.0 443.0 715.0 443.0 794.0 309.0 794.0 traffic-sign 0
910.0 209.0 948.0 209.0 948.0 241.0 910.0 241.0 car 0
962.0 228.0 996.0 230.0 993.0 280.0 959.0 278.0 truck 0
863.0 765.0 928.0 773.0 918.0 859.0 853.0 851.0 car 0
728.0 822.0 791.0 828.0 779.0 928.0 717.0 922.0 car 0
652.0 394.0 699.0 401.0 691.0 460.0 643.0 453.0 car 0
679.0 497.0 727.0 504.0 719.0 564.0 671.0 557.0 car 0
317.0 836.0 385.0 860.0 350.0 956.0 283.0 933.0 car 0
500.0 687.0 553.0 706.0 525.0 785.0 472.0 767.0 car 0
591.0 249.0 632.0 254.0 623.0 312.0 583.0 307.0 car 0
541.0 306.0 582.0 311.0 573.0 369.0 533.0 364.0 car 0
469.0 138.0 1567.0 138.0 1567.0 225.0 469.0 225.0 bridge 2
144.0 731.0 175.0 731.0 175.0 761.0 144.0 761.0 people 0
465.0 851.0 506.0 851.0 506.0 920.0 465.0 920.0 traffic-sign 0
629.0 645.0 656.0 645.0 656.0 702.0 629.0 702.0 motor 0
388.0 343.0 412.0 343.0 412.0 381.0 388.0 381.0 people 0
507.0 298.0 519.0 298.0 519.0 330.0 507.0 330.0 people 0
518.0 295.0 541.0 295.0 541.0 325.0 518.0 325.0 motor 0
456.0 385.0 477.0 385.0 477.0 404.0 456.0 404.0 motor 0
441.0 418.0 463.0 427.0 447.0 465.0 425.0 455.0 ignored 0
573.0 265.0 585.0 265.0 585.0 290.0 573.0 290.0 people 0
