160.0 956.0 188.0 962.0 181.0 994.0 153.0 988.0 car 0
136.0 912.0 164.0 918.0 157.0 950.0 129.0 944.0 car 0
190.0 839.0 233.0 848.0 217.0 923.0 175.0 914.0 truck 0
235.0 944.0 294.0 944.0 294.0 991.0 235.0 991.0 traffic-sign 0
312.0 954.0 366.0 954.0 366.0 1002.0 312.0 1002.0 traffic-sign 0
31.0 542.0 71.0 542.0 71.0 575.0 31.0 575.0 traffic-sign 0
284.0 666.0 326.0 679.0 303.0 752.0 261.0 739.0 truck 0
296.0 646.0 150.0 660.0 145.0 609.0 291.0 594.0 truck 0
169.0 586.0 140.0 644.0 108.0 629.0 138.0 571.0 truck 0
376.0 401.0 405.0 410.0 386.0 471.0 357.0 461.0 truck 0
330.0 420.0 352.0 420.0 352.0 442.0 330.0 442.0 car 0
367.0 383.0 391.0 383.0 391.0 406.0 367.0 406.0 car 0
226.0 376.0 252.0 376.0 252.0 403.0 226.0 403.0 car 0
540.0 411.0 564.0 411.0 564.0 434.0 540.0 434.0 car 0
304.0 337.0 326.0 344.0 319.0 370.0 296.0 363.0 car 0
366.0 324.0 384.0 324.0 384.0 343.0 366.0 343.0 car 0
278.0 323.0 306.0 335.0 291.0 373.0 262.0 360.0 bus 0
274.0 388.0 296.0 395.0 289.0 421.0 266.0 414.0 car 0
577.0 0.0 634.0 58.0 370.0 315.0 313.0 257.0 ignored 0
531.0 128.0 549.0 140.0 524.0 177.0 506.0 164.0 truck 0
34.0 229.0 242.0 229.0 242.0 331.0 34.0 331.0 bridge 0
148.0 134.0 175.0 134.0 175.0 157.0 148.0 157.0 traffic-sign 0
178.0 137.0 196.0 137.0 196.0 159.0 178.0 159.0 traffic-sign 0
