941.0 650.0 960.0 650.0 960.0 699.0 941.0 699.0 people 0
17.0 125.0 48.0 143.0 23.0 186.0 -8.0 167.0 boat 2
82.0 113.0 114.0 132.0 85.0 182.0 52.0 164.0 boat 0
109.0 129.0 135.0 141.0 116.0 182.0 90.0 170.0 boat 0
133.0 117.0 152.0 126.0 142.0 147.0 123.0 138.0 boat 0
151.0 147.0 170.0 156.0 160.0 177.0 141.0 168.0 boat 0
182.0 129.0 207.0 140.0 191.0 177.0 166.0 165.0 boat 0
212.0 131.0 236.0 140.0 226.0 170.0 202.0 162.0 boat 0
245.0 129.0 272.0 139.0 262.0 169.0 235.0 160.0 boat 0
282.0 121.0 307.0 130.0 293.0 173.0 268.0 165.0 boat 0
169.0 96.0 198.0 106.0 185.0 145.0 155.0 135.0 boat 0
196.0 56.0 205.0 72.0 172.0 91.0 163.0 75.0 boat 0
252.0 26.0 251.0 60.0 209.0 59.0 210.0 26.0 boat 0
223.0 44.0 239.0 59.0 212.0 86.0 196.0 70.0 boat 0
246.0 55.0 264.0 62.0 250.0 93.0 233.0 86.0 boat 0
308.0 50.0 324.0 70.0 297.0 91.0 281.0 72.0 boat 0
312.0 39.0 309.0 63.0 268.0 58.0 271.0 35.0 boat 0
255.0 115.0 253.0 135.0 214.0 132.0 216.0 112.0 boat 0
347.0 126.0 372.0 135.0 358.0 178.0 333.0 170.0 boat 0
306.0 139.0 319.0 142.0 313.0 167.0 301.0 164.0 boat 0
322.0 142.0 335.0 145.0 329.0 170.0 317.0 167.0 boat 0
349.0 142.0 327.0 157.0 302.0 118.0 324.0 104.0 boat 0
353.0 111.0 364.0 125.0 343.0 144.0 331.0 131.0 boat 0
392.0 131.0 407.0 142.0 387.0 171.0 371.0 160.0 boat 0
420.0 128.0 441.0 137.0 423.0 175.0 403.0 165.0 boat 0
379.0 103.0 408.0 109.0 401.0 140.0 373.0 134.0 boat 0
416.0 111.0 439.0 121.0 429.0 144.0 405.0 133.0 boat 0
436.0 105.0 473.0 106.0 473.0 134.0 436.0 134.0 boat 0
447.0 131.0 472.0 140.0 460.0 175.0 435.0 166.0 boat 0
520.0 133.0 538.0 146.0 515.0 178.0 497.0 165.0 boat 0
543.0 136.0 561.0 148.0 542.0 173.0 525.0 161.0 boat 0
571.0 134.0 592.0 149.0 570.0 178.0 550.0 163.0 boat 0
608.0 140.0 625.0 153.0 608.0 176.0 590.0 163.0 boat 0
698.0 137.0 719.0 145.0 709.0 174.0 688.0 166.0 boat 0
728.0 136.0 751.0 146.0 737.0 178.0 714.0 168.0 boat 0
643.0 113.0 677.0 114.0 676.0 136.0 643.0 135.0 boat 0
676.0 115.0 704.0 116.0 704.0 133.0 676.0 132.0 boat 0
705.0 116.0 730.0 116.0 729.0 139.0 704.0 139.0 boat 0
730.0 120.0 768.0 121.0 768.0 140.0 729.0 138.0 boat 0
782.0 120.0 810.0 120.0 810.0 139.0 781.0 138.0 boat 0
904.0 72.0 926.0 72.0 925.0 91.0 903.0 90.0 boat 0
844.0 69.0 884.0 70.0 884.0 101.0 843.0 100.0 boat 0
795.0 71.0 822.0 72.0 822.0 95.0 795.0 94.0 boat 0
744.0 71.0 773.0 72.0 772.0 97.0 743.0 96.0 boat 0
325.0 26.0 366.0 26.0 366.0 63.0 325.0 63.0 boat 0
372.0 43.0 389.0 58.0 364.0 87.0 347.0 72.0 boat 0
378.0 68.0 416.0 68.0 416.0 85.0 378.0 85.0 boat 0
447.0 63.0 496.0 63.0 496.0 88.0 447.0 88.0 boat 0
503.0 64.0 547.0 64.0 547.0 93.0 503.0 93.0 boat 0
513.0 53.0 496.0 70.0 481.0 56.0 499.0 39.0 boat 0
530.0 52.0 515.0 67.0 506.0 59.0 522.0 43.0 boat 0
566.0 50.0 543.0 74.0 529.0 60.0 552.0 36.0 boat 0
617.0 71.0 602.0 101.0 584.0 91.0 599.0 62.0 boat 0
659.0 76.0 639.0 98.0 622.0 81.0 642.0 60.0 boat 0
595.0 49.0 595.0 69.0 574.0 70.0 573.0 49.0 boat 0
625.0 45.0 625.0 64.0 597.0 65.0 596.0 45.0 boat 0
642.0 48.0 642.0 65.0 623.0 66.0 622.0 48.0 boat 0
669.0 50.0 669.0 63.0 642.0 64.0 642.0 50.0 boat 0
698.0 44.0 699.0 68.0 675.0 68.0 674.0 44.0 boat 0
706.0 68.0 707.0 92.0 683.0 92.0 682.0 68.0 boat 0
738.0 67.0 739.0 95.0 712.0 95.0 711.0 67.0 boat 0
762.0 48.0 762.0 66.0 728.0 67.0 727.0 50.0 boat 0
785.0 51.0 785.0 69.0 761.0 69.0 760.0 52.0 boat 0
826.0 51.0 826.0 68.0 795.0 69.0 794.0 52.0 boat 0
888.0 50.0 889.0 70.0 838.0 71.0 837.0 51.0 boat 0
1024.0 57.0 1024.0 67.0 938.0 70.0 937.0 59.0 boat 0
1044.0 34.0 1044.0 54.0 954.0 57.0 953.0 36.0 boat 2
1039.0 21.0 1039.0 37.0 1000.0 38.0 999.0 23.0 boat 2
924.0 10.0 930.0 29.0 893.0 41.0 886.0 23.0 boat 0
1041.0 1.0 1042.0 17.0 976.0 19.0 975.0 2.0 ignored 2
978.0 0.0 981.0 9.0 954.0 19.0 950.0 9.0 boat 0
950.0 0.0 953.0 9.0 926.0 19.0 922.0 9.0 boat 0
898.0 0.0 900.0 10.0 872.0 16.0 869.0 6.0 boat 0
829.0 0.0 830.0 10.0 800.0 11.0 800.0 0.0 boat 0
853.0 0.0 854.0 10.0 824.0 11.0 824.0 0.0 boat 0
877.0 0.0 878.0 10.0 848.0 11.0 848.0 0.0 boat 0
811.0 13.0 811.0 24.0 785.0 24.0 785.0 13.0 boat 0
709.0 6.0 710.0 22.0 668.0 24.0 667.0 7.0 boat 0
692.0 3.0 692.0 20.0 643.0 22.0 642.0 5.0 boat 0
573.0 0.0 575.0 16.0 525.0 22.0 524.0 5.0 boat 0
854.0 122.0 882.0 122.0 882.0 141.0 853.0 140.0 boat 0
882.0 122.0 902.0 122.0 901.0 141.0 881.0 141.0 boat 0
819.0 135.0 845.0 140.0 838.0 172.0 812.0 166.0 boat 0
