8.0 517.0 60.0 517.0 60.0 547.0 8.0 547.0 boat 0
10.0 477.0 62.0 477.0 62.0 507.0 10.0 507.0 boat 0
-19.0 464.0 33.0 464.0 33.0 494.0 -19.0 494.0 boat 2
-7.0 421.0 52.0 421.0 52.0 449.0 -7.0 449.0 boat 2
41.0 422.0 100.0 422.0 100.0 450.0 41.0 450.0 boat 0
41.0 398.0 87.0 398.0 87.0 425.0 41.0 425.0 boat 0
4.0 376.0 67.0 376.0 67.0 399.0 4.0 399.0 boat 0
224.0 961.0 279.0 972.0 267.0 1029.0 213.0 1018.0 car 2
288.0 771.0 343.0 782.0 331.0 839.0 277.0 828.0 car 0
339.0 811.0 376.0 818.0 364.0 876.0 327.0 869.0 car 0
505.0 804.0 540.0 811.0 532.0 850.0 497.0 843.0 car 0
557.0 941.0 604.0 950.0 591.0 1009.0 545.0 1000.0 truck 0
492.0 663.0 527.0 670.0 519.0 709.0 484.0 702.0 car 0
545.0 647.0 580.0 654.0 572.0 693.0 537.0 686.0 car 0
509.0 587.0 544.0 594.0 536.0 633.0 501.0 626.0 car 0
603.0 475.0 641.0 482.0 634.0 514.0 597.0 507.0 car 0
544.0 488.0 571.0 493.0 564.0 525.0 538.0 520.0 car 0
424.0 478.0 451.0 483.0 444.0 515.0 418.0 510.0 car 0
462.0 462.0 489.0 467.0 482.0 499.0 456.0 494.0 car 0
421.0 587.0 448.0 592.0 441.0 624.0 415.0 619.0 car 0
349.0 645.0 376.0 650.0 369.0 682.0 343.0 677.0 car 0
521.0 506.0 557.0 513.0 546.0 565.0 511.0 558.0 truck 0
417.0 423.0 443.0 429.0 437.0 461.0 410.0 456.0 car 0
473.0 368.0 499.0 374.0 493.0 406.0 466.0 401.0 car 0
488.0 322.0 514.0 328.0 508.0 360.0 481.0 355.0 car 0
500.0 279.0 526.0 285.0 520.0 317.0 493.0 312.0 car 0
513.0 256.0 539.0 262.0 533.0 294.0 506.0 289.0 car 0
584.0 262.0 608.0 267.0 604.0 290.0 580.0 286.0 car 0
608.0 259.0 632.0 264.0 628.0 287.0 604.0 283.0 car 0
594.0 234.0 618.0 239.0 614.0 262.0 590.0 258.0 car 0
620.0 212.0 644.0 217.0 640.0 240.0 616.0 236.0 car 0
642.0 211.0 666.0 216.0 662.0 239.0 638.0 235.0 car 0
629.0 178.0 646.0 182.0 641.0 209.0 624.0 206.0 car 0
581.0 397.0 619.0 404.0 606.0 468.0 568.0 461.0 truck 0
576.0 292.0 602.0 297.0 594.0 336.0 568.0 331.0 truck 0
541.0 189.0 562.0 193.0 557.0 214.0 537.0 210.0 truck 0
515.0 197.0 539.0 202.0 535.0 225.0 511.0 221.0 car 0
531.0 160.0 555.0 165.0 551.0 188.0 527.0 184.0 car 0
357.0 267.0 389.0 273.0 383.0 303.0 351.0 296.0 car 0
550.0 155.0 574.0 160.0 570.0 183.0 546.0 179.0 car 0
645.0 125.0 662.0 129.0 657.0 156.0 640.0 153.0 car 0
545.0 26.0 640.0 26.0 640.0 137.0 545.0 137.0 ignored 0
643.0 333.0 690.0 333.0 690.0 366.0 643.0 366.0 traffic-sign 0
653.0 767.0 694.0 767.0 694.0 792.0 653.0 792.0 traffic-sign 0
175.0 404.0 188.0 404.0 188.0 427.0 175.0 427.0 people 0
187.0 526.0 202.0 526.0 202.0 547.0 187.0 547.0 motor 0
185.0 423.0 198.0 423.0 198.0 446.0 185.0 446.0 people 0
120.0 778.0 133.0 778.0 133.0 801.0 120.0 801.0 people 0
216.0 103.0 248.0 109.0 242.0 139.0 210.0 132.0 car 0
