153.0 19.0 121.0 61.0 81.0 29.0 114.0 -12.0 ship 2
194.0 59.0 166.0 94.0 116.0 53.0 143.0 19.0 ship 0
332.0 118.0 291.0 170.0 202.0 99.0 243.0 48.0 ship 0
270.0 139.0 238.0 179.0 120.0 84.0 151.0 45.0 ship 0
247.0 183.0 228.0 208.0 195.0 182.0 215.0 157.0 ship 0
448.0 312.0 427.0 346.0 360.0 303.0 381.0 269.0 ship 0
144.0 228.0 120.0 258.0 -1.0 161.0 22.0 132.0 ignored 2
15.0 265.0 33.0 265.0 33.0 277.0 15.0 277.0 car 0
30.0 296.0 52.0 296.0 52.0 308.0 30.0 308.0 car 0
117.0 318.0 140.0 318.0 140.0 327.0 117.0 327.0 traffic-sign 0
31.0 445.0 19.0 452.0 9.0 433.0 21.0 426.0 car 0
95.0 465.0 79.0 475.0 67.0 453.0 83.0 443.0 car 0
83.0 427.0 71.0 434.0 62.0 418.0 74.0 411.0 car 0
33.0 397.0 18.0 406.0 9.0 388.0 24.0 380.0 car 0
23.0 374.0 41.0 374.0 41.0 389.0 23.0 389.0 car 0
159.0 385.0 171.0 385.0 171.0 402.0 159.0 402.0 car 0
207.0 459.0 223.0 459.0 223.0 473.0 207.0 473.0 car 0
202.0 498.0 219.0 498.0 219.0 515.0 202.0 515.0 car 0
276.0 491.0 258.0 501.0 247.0 481.0 265.0 471.0 car 0
197.0 569.0 178.0 580.0 163.0 554.0 183.0 543.0 car 0
339.0 581.0 322.0 591.0 310.0 569.0 327.0 559.0 car 0
287.0 518.0 262.0 539.0 223.0 493.0 248.0 472.0 bus 0
190.0 599.0 172.0 610.0 160.0 589.0 179.0 578.0 car 0
241.0 625.0 224.0 635.0 212.0 613.0 229.0 603.0 car 0
210.0 643.0 191.0 654.0 178.0 631.0 198.0 620.0 car 0
285.0 678.0 269.0 688.0 255.0 664.0 272.0 654.0 car 0
268.0 705.0 246.0 718.0 226.0 682.0 249.0 669.0 car 0
326.0 735.0 305.0 747.0 287.0 713.0 308.0 702.0 car 0
307.0 758.0 286.0 770.0 268.0 736.0 289.0 725.0 car 0
376.0 789.0 351.0 803.0 329.0 764.0 354.0 751.0 truck 0
327.0 868.0 305.0 878.0 290.0 842.0 312.0 833.0 car 0
373.0 849.0 347.0 860.0 332.0 823.0 358.0 812.0 car 0
75.0 646.0 83.0 646.0 83.0 670.0 75.0 670.0 people 0
418.0 986.0 391.0 998.0 372.0 951.0 399.0 940.0 car 0
433.0 948.0 412.0 960.0 390.0 921.0 412.0 909.0 car 0
483.0 938.0 461.0 950.0 440.0 910.0 461.0 898.0 car 0
530.0 1031.0 504.0 1046.0 479.0 1001.0 505.0 987.0 car 2
313.0 940.0 340.0 945.0 331.0 985.0 305.0 980.0 car 0
294.0 982.0 316.0 987.0 310.0 1016.0 288.0 1012.0 car 0
621.0 981.0 593.0 997.0 572.0 957.0 600.0 942.0 car 0
680.0 1001.0 653.0 1016.0 631.0 977.0 658.0 963.0 car 0
595.0 831.0 572.0 844.0 555.0 813.0 578.0 801.0 car 0
514.0 818.0 491.0 831.0 474.0 800.0 497.0 788.0 car 0
629.0 464.0 667.0 464.0 667.0 486.0 629.0 486.0 boat 0
375.0 171.0 341.0 213.0 284.0 167.0 317.0 126.0 ship 0
415.0 161.0 395.0 187.0 344.0 146.0 364.0 121.0 ship 0
457.0 156.0 436.0 184.0 387.0 144.0 408.0 117.0 ship 0
442.0 203.0 413.0 249.0 346.0 206.0 375.0 160.0 ship 0
490.0 209.0 466.0 234.0 408.0 178.0 433.0 153.0 ship 0
547.0 202.0 515.0 236.0 454.0 176.0 486.0 143.0 ship 0
555.0 275.0 513.0 328.0 413.0 250.0 454.0 197.0 ship 0
598.0 293.0 563.0 318.0 494.0 221.0 530.0 196.0 ship 0
658.0 282.0 613.0 314.0 545.0 217.0 590.0 185.0 ship 0
605.0 345.0 585.0 371.0 521.0 322.0 541.0 296.0 ship 0
518.0 356.0 498.0 381.0 446.0 341.0 465.0 316.0 ship 0
1010.0 954.0 1021.0 954.0 1021.0 980.0 1010.0 980.0 people 0
