66.0 555.0 185.0 607.0 160.0 666.0 40.0 614.0 ship 0
422.0 517.0 551.0 521.0 550.0 553.0 421.0 549.0 ship 0
220.0 545.0 344.0 574.0 332.0 628.0 207.0 599.0 ship 0
218.0 543.0 342.0 572.0 330.0 626.0 205.0 597.0 ship 0
511.0 768.0 349.0 772.0 347.0 725.0 510.0 721.0 ship 0
759.0 559.0 609.0 607.0 599.0 575.0 749.0 527.0 ship 0
669.0 325.0 716.0 369.0 691.0 396.0 644.0 352.0 ship 0
836.0 921.0 981.0 968.0 966.0 1016.0 820.0 969.0 ship 0
69.0 442.0 108.0 524.0 58.0 547.0 20.0 466.0 ship 0
256.0 395.0 315.0 458.0 278.0 493.0 219.0 431.0 ship 0
393.0 365.0 454.0 430.0 408.0 474.0 346.0 409.0 ship 0
591.0 358.0 627.0 432.0 583.0 453.0 548.0 378.0 ship 0
