421.0 340.0 471.0 391.0 452.0 409.0 403.0 357.0 boat 0
443.0 347.0 498.0 384.0 487.0 400.0 432.0 363.0 boat 0
490.0 386.0 560.0 416.0 550.0 439.0 481.0 410.0 boat 0
525.0 377.0 585.0 402.0 576.0 422.0 517.0 397.0 boat 0
549.0 338.0 606.0 369.0 595.0 389.0 538.0 357.0 boat 0
774.0 407.0 582.0 427.0 578.0 381.0 770.0 362.0 ignored 0
84.0 11.0 120.0 11.0 120.0 33.0 84.0 33.0 boat 0
175.0 3.0 204.0 3.0 204.0 28.0 175.0 28.0 boat 0
710.0 682.0 661.0 744.0 573.0 674.0 622.0 613.0 truck 0
506.0 341.0 563.0 372.0 552.0 392.0 495.0 360.0 boat 0
467.0 346.0 522.0 376.0 514.0 393.0 458.0 362.0 boat 0
579.0 348.0 631.0 376.0 626.0 385.0 574.0 357.0 boat 0
595.0 340.0 666.0 370.0 660.0 385.0 588.0 355.0 boat 0
615.0 335.0 686.0 365.0 680.0 380.0 608.0 350.0 boat 0
639.0 336.0 710.0 366.0 704.0 381.0 632.0 351.0 boat 0
729.0 328.0 772.0 364.0 760.0 378.0 717.0 342.0 boat 0
753.0 327.0 796.0 363.0 784.0 377.0 741.0 341.0 boat 0
692.0 317.0 749.0 364.0 729.0 388.0 672.0 340.0 boat 0
929.0 349.0 975.0 387.0 957.0 408.0 912.0 370.0 boat 0
795.0 327.0 841.0 365.0 823.0 386.0 778.0 348.0 boat 0
876.0 319.0 922.0 358.0 909.0 374.0 862.0 335.0 boat 0
912.0 318.0 958.0 357.0 945.0 373.0 898.0 334.0 boat 0
942.0 315.0 991.0 356.0 975.0 374.0 926.0 333.0 boat 0
844.0 319.0 890.0 358.0 877.0 374.0 830.0 335.0 boat 0
820.0 324.0 866.0 363.0 853.0 379.0 806.0 340.0 boat 0
971.0 316.0 1020.0 357.0 1004.0 375.0 955.0 334.0 boat 0
994.0 322.0 1024.0 322.0 1024.0 350.0 994.0 350.0 ignored 0
708.0 0.0 730.0 0.0 730.0 7.0 708.0 7.0 boat 0
733.0 0.0 751.0 0.0 751.0 7.0 733.0 7.0 boat 0
792.0 0.0 909.0 0.0 909.0 11.0 792.0 11.0 ignored 0
525.0 0.0 585.0 0.0 585.0 14.0 525.0 14.0 ship 0
592.0 0.0 619.0 0.0 619.0 13.0 592.0 13.0 ship 0
622.0 0.0 641.0 0.0 641.0 15.0 622.0 15.0 boat 0
450.0 0.0 520.0 0.0 520.0 20.0 450.0 20.0 ship 0
408.0 0.0 439.0 0.0 439.0 22.0 408.0 22.0 boat 0
221.0 24.0 208.0 27.0 205.0 10.0 218.0 7.0 boat 0
220.0 10.0 242.0 10.0 242.0 23.0 220.0 23.0 boat 0
