525.0 340.0 575.0 391.0 556.0 409.0 507.0 357.0 boat 0
547.0 347.0 602.0 384.0 591.0 400.0 536.0 363.0 boat 0
594.0 386.0 664.0 416.0 654.0 439.0 585.0 410.0 boat 0
629.0 377.0 689.0 402.0 680.0 422.0 621.0 397.0 boat 0
653.0 338.0 710.0 369.0 699.0 389.0 642.0 357.0 boat 0
878.0 407.0 686.0 427.0 682.0 381.0 874.0 362.0 ignored 0
75.0 12.0 111.0 12.0 111.0 34.0 75.0 34.0 boat 0
188.0 11.0 224.0 11.0 224.0 33.0 188.0 33.0 boat 0
279.0 3.0 308.0 3.0 308.0 28.0 279.0 28.0 boat 0
814.0 682.0 765.0 744.0 677.0 674.0 726.0 613.0 truck 0
610.0 341.0 667.0 372.0 656.0 392.0 599.0 360.0 boat 0
571.0 346.0 626.0 376.0 618.0 393.0 562.0 362.0 boat 0
683.0 348.0 735.0 376.0 730.0 385.0 678.0 357.0 boat 0
699.0 340.0 770.0 370.0 764.0 385.0 692.0 355.0 boat 0
719.0 335.0 790.0 365.0 784.0 380.0 712.0 350.0 boat 0
743.0 336.0 814.0 366.0 808.0 381.0 736.0 351.0 boat 0
833.0 328.0 876.0 364.0 864.0 378.0 821.0 342.0 boat 0
857.0 327.0 900.0 363.0 888.0 377.0 845.0 341.0 boat 0
796.0 317.0 853.0 364.0 833.0 388.0 776.0 340.0 boat 0
899.0 327.0 945.0 365.0 927.0 386.0 882.0 348.0 boat 0
980.0 319.0 1026.0 358.0 1013.0 374.0 966.0 335.0 boat 2
948.0 319.0 994.0 358.0 981.0 374.0 934.0 335.0 boat 0
924.0 324.0 970.0 363.0 957.0 379.0 910.0 340.0 boat 0
812.0 0.0 834.0 0.0 834.0 7.0 812.0 7.0 boat 0
837.0 0.0 855.0 0.0 855.0 7.0 837.0 7.0 boat 0
896.0 0.0 1013.0 0.0 1013.0 11.0 896.0 11.0 ignored 0
629.0 0.0 689.0 0.0 689.0 14.0 629.0 14.0 ship 0
696.0 0.0 723.0 0.0 723.0 13.0 696.0 13.0 ship 0
726.0 0.0 745.0 0.0 745.0 15.0 726.0 15.0 boat 0
554.0 0.0 624.0 0.0 624.0 20.0 554.0 20.0 ship 0
512.0 0.0 543.0 0.0 543.0 22.0 512.0 22.0 boat 0
325.0 24.0 312.0 27.0 309.0 10.0 322.0 7.0 boat 0
324.0 10.0 346.0 10.0 346.0 23.0 324.0 23.0 boat 0
