230.0 753.0 164.0 760.0 161.0 730.0 227.0 723.0 motor 0
246.0 765.0 303.0 771.0 300.0 800.0 243.0 795.0 motor 0
-11.0 545.0 117.0 550.0 115.0 604.0 -13.0 599.0 car 2
106.0 870.0 -34.0 873.0 -36.0 813.0 105.0 810.0 car 2
258.0 880.0 129.0 881.0 129.0 825.0 258.0 824.0 car 0
278.0 610.0 140.0 611.0 139.0 556.0 278.0 555.0 car 0
459.0 604.0 316.0 605.0 315.0 553.0 459.0 552.0 car 0
417.0 887.0 286.0 888.0 285.0 825.0 416.0 824.0 car 0
604.0 887.0 466.0 888.0 465.0 828.0 604.0 826.0 car 0
476.0 548.0 614.0 560.0 608.0 620.0 470.0 608.0 car 0
755.0 892.0 649.0 893.0 648.0 834.0 755.0 833.0 car 0
715.0 568.0 783.0 569.0 782.0 623.0 714.0 622.0 car 0
-3.0 363.0 14.0 364.0 13.0 411.0 -3.0 411.0 motor 2
13.0 363.0 30.0 364.0 29.0 411.0 13.0 411.0 motor 0
56.0 359.0 72.0 361.0 67.0 408.0 51.0 406.0 motor 0
73.0 367.0 89.0 367.0 88.0 415.0 72.0 415.0 motor 0
87.0 367.0 104.0 368.0 103.0 416.0 86.0 415.0 motor 0
113.0 366.0 130.0 367.0 129.0 415.0 112.0 414.0 motor 0
134.0 357.0 147.0 358.0 142.0 401.0 129.0 399.0 motor 0
144.0 369.0 158.0 371.0 153.0 414.0 139.0 412.0 motor 0
170.0 405.0 155.0 407.0 151.0 357.0 166.0 356.0 motor 0
172.0 365.0 188.0 365.0 187.0 415.0 171.0 415.0 motor 0
214.0 413.0 199.0 416.0 190.0 366.0 205.0 364.0 motor 0
210.0 367.0 226.0 367.0 225.0 417.0 209.0 417.0 motor 0
233.0 363.0 249.0 364.0 248.0 414.0 232.0 413.0 motor 0
260.0 362.0 276.0 364.0 270.0 413.0 254.0 412.0 motor 0
270.0 373.0 286.0 373.0 285.0 423.0 269.0 423.0 motor 0
286.0 373.0 302.0 374.0 301.0 424.0 285.0 423.0 motor 0
308.0 326.0 324.0 328.0 318.0 377.0 302.0 376.0 motor 0
311.0 376.0 327.0 376.0 326.0 426.0 310.0 426.0 motor 0
328.0 375.0 344.0 376.0 343.0 426.0 327.0 425.0 motor 0
347.0 375.0 363.0 376.0 362.0 426.0 346.0 425.0 motor 0
370.0 332.0 386.0 333.0 385.0 383.0 369.0 382.0 motor 0
363.0 381.0 379.0 382.0 378.0 432.0 362.0 431.0 motor 0
387.0 378.0 403.0 379.0 402.0 429.0 386.0 428.0 motor 0
405.0 326.0 421.0 328.0 415.0 377.0 399.0 376.0 motor 0
406.0 372.0 422.0 374.0 416.0 424.0 400.0 422.0 motor 0
423.0 379.0 439.0 381.0 433.0 431.0 417.0 429.0 motor 0
433.0 332.0 449.0 332.0 448.0 382.0 432.0 382.0 motor 0
455.0 331.0 471.0 332.0 470.0 382.0 454.0 381.0 motor 0
443.0 380.0 459.0 382.0 453.0 431.0 437.0 430.0 motor 0
460.0 379.0 476.0 381.0 470.0 431.0 454.0 429.0 motor 0
476.0 382.0 492.0 384.0 486.0 434.0 470.0 432.0 motor 0
495.0 332.0 511.0 334.0 505.0 384.0 489.0 382.0 motor 0
498.0 383.0 514.0 384.0 512.0 433.0 497.0 433.0 motor 0
525.0 381.0 540.0 383.0 534.0 432.0 519.0 430.0 motor 0
517.0 338.0 533.0 340.0 526.0 389.0 511.0 387.0 motor 0
539.0 334.0 555.0 335.0 553.0 384.0 537.0 384.0 motor 0
556.0 333.0 572.0 334.0 571.0 384.0 555.0 383.0 motor 0
595.0 377.0 580.0 380.0 572.0 330.0 587.0 328.0 motor 0
584.0 389.0 600.0 389.0 598.0 439.0 583.0 439.0 motor 0
569.0 390.0 585.0 391.0 584.0 441.0 568.0 440.0 motor 0
557.0 390.0 573.0 391.0 572.0 441.0 556.0 440.0 motor 0
548.0 387.0 563.0 390.0 551.0 439.0 536.0 435.0 motor 0
616.0 333.0 632.0 334.0 630.0 384.0 615.0 383.0 motor 0
635.0 342.0 651.0 343.0 650.0 393.0 634.0 392.0 motor 0
666.0 293.0 681.0 295.0 675.0 344.0 660.0 342.0 motor 0
702.0 294.0 718.0 295.0 716.0 344.0 700.0 344.0 motor 0
670.0 337.0 685.0 337.0 683.0 385.0 669.0 385.0 motor 0
703.0 392.0 688.0 393.0 685.0 344.0 699.0 343.0 motor 0
713.0 342.0 727.0 342.0 726.0 391.0 711.0 390.0 motor 0
748.0 384.0 734.0 386.0 726.0 338.0 740.0 336.0 motor 0
765.0 384.0 751.0 386.0 742.0 339.0 757.0 336.0 motor 0
787.0 351.0 772.0 352.0 769.0 303.0 783.0 302.0 motor 0
824.0 339.0 810.0 340.0 806.0 292.0 821.0 290.0 motor 0
836.0 347.0 822.0 348.0 818.0 300.0 833.0 298.0 motor 0
851.0 299.0 866.0 301.0 859.0 349.0 845.0 347.0 motor 0
874.0 299.0 889.0 301.0 882.0 350.0 868.0 348.0 motor 0
875.0 300.0 890.0 302.0 883.0 351.0 869.0 349.0 motor 0
785.0 343.0 800.0 345.0 793.0 394.0 779.0 392.0 motor 0
805.0 343.0 819.0 343.0 818.0 392.0 804.0 392.0 motor 0
841.0 405.0 826.0 406.0 823.0 357.0 837.0 356.0 motor 0
858.0 391.0 844.0 392.0 840.0 344.0 855.0 342.0 motor 0
876.0 392.0 862.0 393.0 858.0 345.0 873.0 343.0 motor 0
628.0 438.0 614.0 439.0 610.0 391.0 625.0 389.0 motor 0
638.0 391.0 653.0 393.0 646.0 441.0 632.0 439.0 motor 0
660.0 388.0 675.0 390.0 669.0 439.0 654.0 437.0 motor 0
677.0 395.0 692.0 397.0 686.0 446.0 671.0 444.0 motor 0
698.0 392.0 712.0 392.0 711.0 441.0 697.0 441.0 motor 0
720.0 396.0 735.0 396.0 733.0 444.0 719.0 444.0 motor 0
735.0 393.0 750.0 393.0 748.0 441.0 734.0 441.0 motor 0
762.0 391.0 778.0 397.0 762.0 443.0 747.0 437.0 motor 0
777.0 398.0 793.0 401.0 782.0 448.0 766.0 445.0 motor 0
792.0 393.0 809.0 393.0 808.0 441.0 791.0 441.0 motor 0
807.0 392.0 824.0 393.0 823.0 441.0 806.0 441.0 motor 0
852.0 445.0 835.0 447.0 832.0 398.0 849.0 397.0 motor 0
877.0 438.0 861.0 444.0 844.0 399.0 859.0 394.0 motor 0
876.0 386.0 893.0 386.0 891.0 434.0 875.0 434.0 motor 0
886.0 339.0 903.0 340.0 902.0 388.0 885.0 388.0 motor 0
889.0 390.0 906.0 391.0 905.0 439.0 888.0 439.0 motor 0
903.0 310.0 920.0 311.0 919.0 359.0 902.0 359.0 motor 0
939.0 430.0 923.0 433.0 915.0 385.0 931.0 383.0 motor 0
915.0 344.0 931.0 346.0 925.0 394.0 908.0 392.0 motor 0
929.0 292.0 945.0 296.0 934.0 343.0 918.0 339.0 motor 0
962.0 364.0 946.0 367.0 938.0 319.0 954.0 317.0 motor 0
967.0 417.0 951.0 420.0 942.0 373.0 959.0 370.0 motor 0
984.0 420.0 968.0 424.0 955.0 378.0 971.0 373.0 motor 0
999.0 409.0 983.0 413.0 970.0 367.0 986.0 362.0 motor 0
986.0 355.0 970.0 359.0 957.0 313.0 973.0 308.0 motor 0
1009.0 333.0 993.0 336.0 985.0 288.0 1001.0 285.0 motor 0
1010.0 395.0 994.0 399.0 981.0 353.0 997.0 348.0 motor 0
1028.0 392.0 1013.0 398.0 995.0 353.0 1011.0 347.0 motor 2
1037.0 332.0 1022.0 338.0 1004.0 293.0 1020.0 287.0 motor 2
956.0 478.0 939.0 483.0 926.0 442.0 944.0 437.0 motor 0
986.0 478.0 969.0 486.0 953.0 446.0 970.0 439.0 motor 0
1002.0 476.0 985.0 482.0 972.0 441.0 990.0 435.0 motor 0
1027.0 459.0 1010.0 467.0 994.0 427.0 1011.0 420.0 motor 2
1002.0 522.0 991.0 562.0 974.0 557.0 985.0 517.0 motor 0
982.0 524.0 971.0 564.0 953.0 559.0 965.0 520.0 motor 0
960.0 525.0 949.0 565.0 931.0 560.0 943.0 521.0 motor 0
935.0 524.0 924.0 564.0 906.0 559.0 918.0 520.0 motor 0
803.0 511.0 808.0 552.0 790.0 555.0 785.0 514.0 motor 0
785.0 526.0 763.0 561.0 748.0 551.0 770.0 517.0 motor 0
758.0 517.0 743.0 555.0 726.0 549.0 741.0 510.0 motor 0
739.0 511.0 724.0 550.0 707.0 544.0 722.0 505.0 motor 0
715.0 513.0 700.0 552.0 683.0 546.0 698.0 507.0 motor 0
688.0 519.0 678.0 546.0 660.0 539.0 671.0 512.0 motor 0
657.0 512.0 645.0 553.0 631.0 550.0 643.0 508.0 motor 0
635.0 514.0 620.0 554.0 606.0 548.0 621.0 508.0 motor 0
612.0 512.0 596.0 552.0 582.0 546.0 598.0 507.0 motor 0
582.0 514.0 556.0 548.0 544.0 538.0 571.0 505.0 motor 0
527.0 514.0 497.0 545.0 486.0 535.0 516.0 504.0 motor 0
496.0 508.0 477.0 546.0 463.0 539.0 483.0 501.0 motor 0
473.0 503.0 457.0 542.0 443.0 537.0 459.0 497.0 motor 0
447.0 502.0 435.0 543.0 421.0 539.0 432.0 498.0 motor 0
421.0 505.0 410.0 546.0 395.0 542.0 407.0 501.0 motor 0
407.0 505.0 399.0 532.0 383.0 527.0 391.0 500.0 motor 0
323.0 503.0 303.0 541.0 290.0 535.0 309.0 496.0 motor 0
294.0 492.0 291.0 539.0 272.0 537.0 276.0 491.0 motor 0
273.0 497.0 260.0 542.0 242.0 537.0 255.0 492.0 motor 0
248.0 505.0 226.0 547.0 210.0 538.0 231.0 497.0 motor 0
202.0 497.0 181.0 538.0 164.0 530.0 186.0 488.0 motor 0
177.0 495.0 164.0 540.0 146.0 535.0 159.0 490.0 motor 0
153.0 494.0 144.0 539.0 126.0 536.0 134.0 490.0 motor 0
134.0 489.0 125.0 535.0 106.0 532.0 115.0 486.0 motor 0
101.0 492.0 92.0 538.0 73.0 535.0 82.0 489.0 motor 0
66.0 489.0 66.0 536.0 48.0 536.0 48.0 489.0 motor 0
