83.0 614.0 120.0 614.0 120.0 634.0 83.0 634.0 car 0
207.0 668.0 230.0 668.0 230.0 692.0 207.0 692.0 car 0
168.0 941.0 193.0 941.0 193.0 978.0 168.0 978.0 car 0
332.0 881.0 395.0 882.0 394.0 921.0 331.0 919.0 traffic-sign 0
174.0 314.0 197.0 314.0 197.0 324.0 174.0 324.0 traffic-sign 0
234.0 297.0 251.0 297.0 251.0 310.0 234.0 310.0 traffic-sign 0
206.0 40.0 222.0 40.0 222.0 48.0 206.0 48.0 traffic-sign 0
179.0 214.0 185.0 214.0 185.0 224.0 179.0 224.0 motor 0
194.0 213.0 199.0 213.0 199.0 224.0 194.0 224.0 motor 0
216.0 196.0 222.0 196.0 222.0 207.0 216.0 207.0 motor 0
