967.0 42.0 1008.0 42.0 1008.0 73.0 967.0 73.0 bus 0
992.0 182.0 1057.0 209.0 1049.0 229.0 984.0 201.0 bus 2
971.0 195.0 1043.0 225.0 1031.0 253.0 959.0 223.0 bus 2
1020.0 169.0 980.0 173.0 976.0 136.0 1016.0 131.0 bus 0
906.0 241.0 817.0 247.0 815.0 215.0 904.0 209.0 bus 0
920.0 212.0 838.0 226.0 833.0 201.0 916.0 187.0 bus 0
942.0 192.0 860.0 206.0 855.0 181.0 938.0 167.0 bus 0
954.0 178.0 874.0 191.0 869.0 167.0 950.0 153.0 bus 0
966.0 168.0 892.0 180.0 888.0 154.0 961.0 142.0 bus 0
922.0 112.0 895.0 139.0 875.0 119.0 903.0 92.0 bus 0
896.0 130.0 859.0 166.0 839.0 146.0 877.0 110.0 bus 0
846.0 174.0 815.0 204.0 795.0 184.0 827.0 154.0 bus 0
814.0 201.0 790.0 243.0 762.0 228.0 785.0 186.0 bus 0
1008.0 615.0 1023.0 615.0 1023.0 627.0 1008.0 627.0 people 0
1008.0 589.0 1015.0 589.0 1015.0 608.0 1008.0 608.0 people 0
889.0 789.0 896.0 789.0 896.0 811.0 889.0 811.0 people 0
881.0 790.0 889.0 790.0 889.0 808.0 881.0 808.0 people 0
517.0 899.0 531.0 899.0 531.0 924.0 517.0 924.0 people 0
94.0 888.0 42.0 917.0 28.0 890.0 80.0 862.0 car 0
1.0 858.0 13.0 858.0 13.0 879.0 1.0 879.0 people 0
47.0 873.0 38.0 877.0 28.0 854.0 38.0 850.0 people 0
30.0 874.0 16.0 881.0 8.0 861.0 22.0 855.0 people 0
228.0 829.0 218.0 833.0 209.0 811.0 218.0 807.0 people 0
278.0 812.0 268.0 816.0 259.0 794.0 268.0 790.0 people 0
300.0 796.0 286.0 803.0 278.0 784.0 292.0 777.0 ignored 0
321.0 735.0 279.0 748.0 273.0 730.0 316.0 717.0 car 0
349.0 746.0 320.0 755.0 313.0 734.0 343.0 725.0 car 0
499.0 597.0 422.0 648.0 404.0 621.0 481.0 569.0 bus 0
43.0 637.0 82.0 637.0 82.0 660.0 43.0 660.0 car 0
9.0 631.0 38.0 631.0 38.0 647.0 9.0 647.0 car 0
265.0 499.0 234.0 513.0 228.0 498.0 259.0 484.0 car 0
247.0 493.0 215.0 507.0 209.0 491.0 241.0 478.0 car 0
212.0 497.0 195.0 505.0 188.0 489.0 206.0 482.0 car 0
253.0 593.0 80.0 663.0 59.0 610.0 232.0 541.0 ignored 0
689.0 658.0 651.0 661.0 650.0 645.0 688.0 642.0 car 0
683.0 671.0 643.0 676.0 641.0 661.0 682.0 656.0 car 0
623.0 629.0 571.0 634.0 569.0 613.0 621.0 608.0 car 0
643.0 611.0 602.0 616.0 599.0 595.0 641.0 590.0 car 0
667.0 600.0 626.0 604.0 624.0 586.0 666.0 582.0 car 0
678.0 566.0 654.0 568.0 651.0 547.0 676.0 545.0 car 0
595.0 650.0 557.0 654.0 554.0 634.0 593.0 630.0 car 0
688.0 642.0 663.0 645.0 661.0 624.0 686.0 622.0 car 0
520.0 639.0 578.0 644.0 575.0 682.0 516.0 676.0 ignored 0
527.0 663.0 566.0 663.0 566.0 681.0 527.0 681.0 car 0
435.0 445.0 485.0 445.0 485.0 484.0 435.0 484.0 ignored 0
631.0 347.0 645.0 347.0 645.0 361.0 631.0 361.0 car 0
655.0 333.0 637.0 335.0 636.0 324.0 654.0 323.0 traffic-light 0
487.0 17.0 556.0 17.0 556.0 36.0 487.0 36.0 bus 0
1001.0 6.0 1012.0 6.0 1012.0 14.0 1001.0 14.0 car 0
523.0 93.0 746.0 93.0 746.0 134.0 523.0 134.0 ignored 0
718.0 108.0 743.0 108.0 743.0 118.0 718.0 118.0 car 0
