872.0 865.0 1057.0 865.0 1057.0 943.0 872.0 943.0 bus 2
773.0 792.0 958.0 792.0 958.0 870.0 773.0 870.0 bus 0
739.0 768.0 905.0 768.0 905.0 834.0 739.0 834.0 bus 0
515.0 587.0 659.0 587.0 659.0 650.0 515.0 650.0 bus 0
206.0 553.0 338.0 553.0 338.0 600.0 206.0 600.0 bus 0
213.0 569.0 345.0 569.0 345.0 616.0 213.0 616.0 bus 0
228.0 588.0 360.0 588.0 360.0 635.0 228.0 635.0 bus 0
277.0 628.0 381.0 628.0 381.0 677.0 277.0 677.0 bus 0
298.0 658.0 394.0 658.0 394.0 704.0 298.0 704.0 bus 0
328.0 704.0 412.0 704.0 412.0 743.0 328.0 743.0 bus 0
359.0 730.0 415.0 730.0 415.0 771.0 359.0 771.0 bus 0
387.0 758.0 433.0 758.0 433.0 802.0 387.0 802.0 bus 0
463.0 833.0 509.0 833.0 509.0 877.0 463.0 877.0 bus 0
470.0 539.0 495.0 570.0 471.0 590.0 446.0 558.0 car 0
552.0 535.0 577.0 566.0 553.0 586.0 528.0 554.0 car 0
598.0 535.0 623.0 566.0 599.0 586.0 574.0 554.0 car 0
638.0 535.0 663.0 566.0 639.0 586.0 614.0 554.0 car 0
692.0 534.0 717.0 565.0 693.0 585.0 668.0 553.0 car 0
758.0 538.0 783.0 569.0 759.0 589.0 734.0 557.0 car 0
805.0 537.0 830.0 568.0 806.0 588.0 781.0 556.0 car 0
74.0 222.0 95.0 222.0 95.0 241.0 74.0 241.0 car 0
114.0 234.0 154.0 234.0 154.0 251.0 114.0 251.0 car 0
112.0 350.0 152.0 350.0 152.0 367.0 112.0 367.0 car 0
88.0 332.0 128.0 332.0 128.0 349.0 88.0 349.0 car 0
82.0 325.0 122.0 325.0 122.0 342.0 82.0 342.0 car 0
86.0 330.0 126.0 330.0 126.0 347.0 86.0 347.0 car 0
71.0 314.0 111.0 314.0 111.0 331.0 71.0 331.0 car 0
59.0 307.0 99.0 307.0 99.0 324.0 59.0 324.0 car 0
37.0 290.0 77.0 290.0 77.0 307.0 37.0 307.0 car 0
23.0 292.0 63.0 292.0 63.0 309.0 23.0 309.0 car 0
35.0 288.0 75.0 288.0 75.0 305.0 35.0 305.0 car 0
18.0 283.0 58.0 283.0 58.0 300.0 18.0 300.0 car 0
12.0 270.0 52.0 270.0 52.0 287.0 12.0 287.0 car 0
3.0 265.0 43.0 265.0 43.0 282.0 3.0 282.0 car 0
-15.0 251.0 25.0 251.0 25.0 268.0 -15.0 268.0 car 2
204.0 354.0 184.0 357.0 181.0 334.0 201.0 331.0 car 0
182.0 343.0 162.0 346.0 159.0 323.0 179.0 320.0 car 0
161.0 329.0 141.0 332.0 138.0 309.0 158.0 306.0 car 0
146.0 321.0 126.0 324.0 123.0 301.0 143.0 298.0 car 0
133.0 311.0 113.0 314.0 110.0 291.0 130.0 288.0 car 0
122.0 302.0 102.0 305.0 99.0 282.0 119.0 279.0 car 0
107.0 290.0 87.0 293.0 84.0 270.0 104.0 267.0 car 0
89.0 277.0 69.0 280.0 66.0 257.0 86.0 254.0 car 0
183.0 263.0 163.0 266.0 160.0 243.0 180.0 240.0 car 0
340.0 373.0 380.0 373.0 380.0 390.0 340.0 390.0 car 0
333.0 364.0 373.0 364.0 373.0 381.0 333.0 381.0 car 0
303.0 346.0 343.0 346.0 343.0 363.0 303.0 363.0 car 0
339.0 333.0 379.0 333.0 379.0 350.0 339.0 350.0 car 0
301.0 344.0 341.0 344.0 341.0 361.0 301.0 361.0 car 0
291.0 349.0 271.0 352.0 268.0 329.0 288.0 326.0 car 0
317.0 343.0 297.0 346.0 294.0 323.0 314.0 320.0 car 0
350.0 341.0 330.0 344.0 327.0 321.0 347.0 318.0 car 0
