299.0 303.0 250.0 308.0 236.0 167.0 285.0 162.0 truck 0
352.0 314.0 303.0 319.0 289.0 178.0 338.0 173.0 truck 0
315.0 506.0 266.0 511.0 248.0 332.0 297.0 327.0 truck 0
213.0 398.0 261.0 408.0 225.0 585.0 177.0 575.0 truck 0
573.0 523.0 526.0 538.0 473.0 366.0 520.0 351.0 truck 0
616.0 488.0 569.0 503.0 516.0 331.0 563.0 316.0 truck 0
726.0 738.0 686.0 751.0 617.0 528.0 657.0 515.0 truck 0
749.0 249.0 757.0 296.0 538.0 334.0 530.0 286.0 truck 0
354.0 241.0 400.0 241.0 400.0 291.0 354.0 291.0 bus 0
413.0 232.0 459.0 232.0 459.0 282.0 413.0 282.0 bus 0
576.0 222.0 622.0 222.0 622.0 272.0 576.0 272.0 bus 0
521.0 203.0 571.0 203.0 571.0 261.0 521.0 261.0 bus 0
475.0 235.0 521.0 235.0 521.0 285.0 475.0 285.0 bus 0
620.0 210.0 867.0 210.0 867.0 266.0 620.0 266.0 bus 0
384.0 141.0 430.0 141.0 430.0 191.0 384.0 191.0 bus 0
924.0 423.0 880.0 446.0 794.0 288.0 837.0 264.0 truck 0
791.0 164.0 1038.0 164.0 1038.0 220.0 791.0 220.0 bus 2
302.0 37.0 640.0 37.0 640.0 114.0 302.0 114.0 bus 0
648.0 29.0 825.0 29.0 825.0 96.0 648.0 96.0 bus 0
852.0 58.0 864.0 58.0 864.0 74.0 852.0 74.0 people 0
