312.0 750.0 -223.0 803.0 -240.0 634.0 295.0 580.0 boat 2
-225.0 873.0 314.0 873.0 314.0 1023.0 -225.0 1023.0 boat 2
404.0 699.0 426.0 699.0 426.0 725.0 404.0 725.0 people 0
479.0 698.0 501.0 698.0 501.0 724.0 479.0 724.0 people 0
435.0 536.0 463.0 536.0 463.0 564.0 435.0 564.0 people 0
413.0 479.0 435.0 479.0 435.0 505.0 413.0 505.0 people 0
395.0 474.0 417.0 474.0 417.0 500.0 395.0 500.0 people 0
517.0 813.0 536.0 813.0 536.0 835.0 517.0 835.0 people 0
495.0 813.0 514.0 813.0 514.0 835.0 495.0 835.0 people 0
474.0 819.0 493.0 819.0 493.0 841.0 474.0 841.0 people 0
449.0 815.0 468.0 815.0 468.0 837.0 449.0 837.0 people 0
303.0 972.0 325.0 972.0 325.0 998.0 303.0 998.0 people 0
406.0 938.0 428.0 938.0 428.0 964.0 406.0 964.0 people 0
402.0 899.0 424.0 899.0 424.0 925.0 402.0 925.0 people 0
441.0 875.0 556.0 875.0 556.0 987.0 441.0 987.0 ignored 0
541.0 784.0 560.0 784.0 560.0 806.0 541.0 806.0 people 0
571.0 778.0 590.0 778.0 590.0 800.0 571.0 800.0 people 0
955.0 702.0 973.0 702.0 973.0 728.0 955.0 728.0 people 0
1004.0 418.0 1024.0 418.0 1024.0 441.0 1004.0 441.0 people 0
967.0 410.0 991.0 410.0 991.0 433.0 967.0 433.0 people 0
440.0 320.0 505.0 320.0 505.0 355.0 440.0 355.0 ignored 0
519.0 74.0 540.0 74.0 540.0 99.0 519.0 99.0 people 0
434.0 12.0 455.0 12.0 455.0 37.0 434.0 37.0 people 0
