227.0 980.0 299.0 981.0 298.0 1010.0 227.0 1009.0 car 0
307.0 446.0 328.0 446.0 328.0 458.0 307.0 458.0 boat 0
386.0 456.0 407.0 456.0 407.0 467.0 386.0 467.0 boat 0
407.0 456.0 422.0 456.0 422.0 463.0 407.0 463.0 boat 0
820.0 484.0 848.0 484.0 848.0 497.0 820.0 497.0 boat 0
771.0 481.0 794.0 481.0 794.0 490.0 771.0 490.0 boat 0
732.0 480.0 751.0 480.0 751.0 493.0 732.0 493.0 boat 0
684.0 471.0 713.0 471.0 713.0 486.0 684.0 486.0 boat 0
641.0 482.0 671.0 482.0 671.0 490.0 641.0 490.0 boat 0
954.0 507.0 978.0 507.0 978.0 514.0 954.0 514.0 boat 0
923.0 492.0 937.0 492.0 937.0 501.0 923.0 501.0 boat 0
488.0 455.0 663.0 455.0 663.0 490.0 488.0 490.0 ignored 0
483.0 459.0 508.0 459.0 508.0 473.0 483.0 473.0 boat 0
