123.0 980.0 195.0 981.0 194.0 1010.0 123.0 1009.0 car 0
203.0 446.0 224.0 446.0 224.0 458.0 203.0 458.0 boat 0
282.0 456.0 303.0 456.0 303.0 467.0 282.0 467.0 boat 0
303.0 456.0 318.0 456.0 318.0 463.0 303.0 463.0 boat 0
716.0 484.0 744.0 484.0 744.0 497.0 716.0 497.0 boat 0
667.0 481.0 690.0 481.0 690.0 490.0 667.0 490.0 boat 0
628.0 480.0 647.0 480.0 647.0 493.0 628.0 493.0 boat 0
580.0 471.0 609.0 471.0 609.0 486.0 580.0 486.0 boat 0
537.0 482.0 567.0 482.0 567.0 490.0 537.0 490.0 boat 0
850.0 507.0 874.0 507.0 874.0 514.0 850.0 514.0 boat 0
819.0 492.0 833.0 492.0 833.0 501.0 819.0 501.0 boat 0
384.0 455.0 559.0 455.0 559.0 490.0 384.0 490.0 ignored 0
379.0 459.0 404.0 459.0 404.0 473.0 379.0 473.0 boat 0
