373.0 858.0 534.0 941.0 512.0 983.0 351.0 900.0 boat 0
420.0 830.0 581.0 913.0 559.0 955.0 398.0 872.0 boat 0
463.0 804.0 624.0 887.0 602.0 929.0 441.0 846.0 boat 0
505.0 776.0 666.0 859.0 644.0 901.0 483.0 818.0 boat 0
545.0 751.0 706.0 834.0 684.0 876.0 523.0 793.0 boat 0
583.0 727.0 744.0 810.0 722.0 852.0 561.0 769.0 boat 0
619.0 702.0 782.0 786.0 762.0 826.0 598.0 741.0 boat 0
657.0 679.0 813.0 760.0 793.0 799.0 637.0 717.0 boat 0
700.0 658.0 856.0 739.0 836.0 778.0 680.0 696.0 boat 0
729.0 633.0 885.0 714.0 865.0 753.0 709.0 671.0 boat 0
763.0 610.0 919.0 691.0 901.0 727.0 745.0 646.0 boat 0
797.0 588.0 950.0 668.0 932.0 703.0 779.0 623.0 boat 0
831.0 566.0 984.0 646.0 966.0 681.0 813.0 601.0 boat 0
860.0 542.0 1013.0 622.0 995.0 657.0 842.0 577.0 boat 0
888.0 522.0 1035.0 599.0 1019.0 630.0 871.0 553.0 boat 2
925.0 505.0 1072.0 582.0 1056.0 613.0 908.0 536.0 boat 2
955.0 485.0 1102.0 562.0 1086.0 593.0 938.0 516.0 boat 2
899.0 369.0 1039.0 430.0 1027.0 458.0 887.0 397.0 boat 2
868.0 388.0 1008.0 449.0 996.0 477.0 856.0 416.0 boat 0
844.0 402.0 979.0 470.0 962.0 502.0 828.0 434.0 boat 0
816.0 422.0 950.0 490.0 935.0 518.0 802.0 451.0 boat 0
787.0 443.0 921.0 511.0 906.0 539.0 773.0 472.0 boat 0
753.0 460.0 887.0 528.0 872.0 556.0 739.0 489.0 boat 0
724.0 481.0 858.0 549.0 843.0 577.0 710.0 510.0 boat 0
693.0 501.0 820.0 566.0 804.0 597.0 678.0 532.0 boat 0
658.0 519.0 788.0 591.0 771.0 622.0 641.0 550.0 boat 0
625.0 536.0 751.0 615.0 733.0 645.0 606.0 566.0 boat 0
592.0 557.0 718.0 636.0 700.0 666.0 573.0 587.0 boat 0
557.0 576.0 689.0 662.0 666.0 696.0 534.0 611.0 boat 0
523.0 601.0 651.0 685.0 629.0 718.0 501.0 634.0 boat 0
488.0 625.0 613.0 712.0 590.0 744.0 465.0 657.0 boat 0
455.0 639.0 578.0 740.0 552.0 772.0 428.0 672.0 boat 0
412.0 662.0 535.0 763.0 509.0 795.0 385.0 695.0 boat 0
374.0 689.0 494.0 787.0 466.0 821.0 346.0 723.0 boat 0
346.0 706.0 455.0 816.0 419.0 853.0 309.0 742.0 boat 0
305.0 735.0 414.0 845.0 378.0 882.0 268.0 771.0 boat 0
261.0 759.0 370.0 869.0 334.0 906.0 224.0 795.0 boat 0
5.0 610.0 133.0 687.0 110.0 724.0 -17.0 647.0 boat 2
48.0 587.0 158.0 653.0 136.0 689.0 27.0 623.0 boat 0
91.0 566.0 194.0 628.0 173.0 662.0 71.0 600.0 boat 0
130.0 547.0 233.0 609.0 212.0 643.0 110.0 581.0 boat 0
167.0 524.0 270.0 586.0 249.0 620.0 147.0 558.0 boat 0
208.0 503.0 307.0 569.0 285.0 601.0 186.0 535.0 boat 0
245.0 481.0 342.0 547.0 321.0 579.0 224.0 514.0 boat 0
282.0 464.0 372.0 524.0 353.0 553.0 263.0 492.0 boat 0
317.0 442.0 409.0 504.0 387.0 536.0 295.0 474.0 boat 0
357.0 425.0 469.0 501.0 448.0 532.0 336.0 457.0 boat 0
392.0 408.0 505.0 484.0 486.0 514.0 373.0 438.0 boat 0
426.0 391.0 540.0 467.0 520.0 496.0 407.0 420.0 boat 0
459.0 371.0 568.0 443.0 548.0 473.0 440.0 400.0 boat 0
491.0 353.0 600.0 425.0 580.0 455.0 472.0 382.0 boat 0
523.0 336.0 629.0 407.0 611.0 433.0 506.0 362.0 boat 0
559.0 317.0 665.0 389.0 646.0 417.0 540.0 346.0 boat 0
584.0 308.0 691.0 366.0 676.0 392.0 570.0 334.0 boat 0
610.0 294.0 707.0 347.0 694.0 370.0 597.0 317.0 boat 0
639.0 276.0 725.0 323.0 712.0 345.0 627.0 298.0 boat 0
671.0 261.0 757.0 308.0 744.0 330.0 659.0 283.0 boat 0
702.0 244.0 787.0 291.0 773.0 316.0 688.0 269.0 boat 0
732.0 232.0 810.0 275.0 797.0 297.0 720.0 255.0 boat 0
605.0 184.0 725.0 233.0 716.0 255.0 596.0 207.0 boat 0
576.0 198.0 696.0 247.0 687.0 269.0 567.0 221.0 boat 0
547.0 213.0 667.0 262.0 658.0 284.0 538.0 236.0 boat 0
519.0 224.0 645.0 275.0 633.0 305.0 507.0 254.0 boat 0
488.0 240.0 614.0 291.0 602.0 321.0 476.0 270.0 boat 0
463.0 254.0 589.0 305.0 577.0 335.0 451.0 284.0 boat 0
430.0 270.0 556.0 321.0 544.0 351.0 418.0 300.0 boat 0
397.0 288.0 523.0 339.0 511.0 369.0 385.0 318.0 boat 0
359.0 302.0 485.0 353.0 473.0 383.0 347.0 332.0 boat 0
330.0 320.0 456.0 371.0 444.0 401.0 318.0 350.0 boat 0
293.0 344.0 423.0 387.0 413.0 418.0 283.0 376.0 boat 0
256.0 361.0 393.0 406.0 383.0 437.0 246.0 392.0 boat 0
216.0 372.0 351.0 425.0 338.0 459.0 203.0 405.0 boat 0
180.0 389.0 315.0 442.0 302.0 476.0 167.0 422.0 boat 0
149.0 411.0 280.0 462.0 266.0 496.0 136.0 444.0 boat 0
113.0 424.0 239.0 486.0 222.0 519.0 97.0 456.0 boat 0
79.0 443.0 205.0 505.0 188.0 538.0 63.0 475.0 boat 0
37.0 458.0 171.0 526.0 154.0 560.0 19.0 493.0 boat 0
1.0 481.0 125.0 543.0 108.0 576.0 -15.0 515.0 boat 2
-42.0 501.0 84.0 565.0 66.0 601.0 -60.0 538.0 boat 2
991.0 231.0 1012.0 231.0 1012.0 271.0 991.0 271.0 people 0
966.0 227.0 986.0 227.0 986.0 271.0 966.0 271.0 people 0
984.0 81.0 993.0 81.0 993.0 117.0 984.0 117.0 people 0
992.0 87.0 1009.0 87.0 1009.0 128.0 992.0 128.0 people 0
1015.0 80.0 1028.0 80.0 1028.0 121.0 1015.0 121.0 people 2
997.0 60.0 1009.0 60.0 1009.0 98.0 997.0 98.0 people 0
1008.0 51.0 1023.0 51.0 1023.0 88.0 1008.0 88.0 people 0
913.0 45.0 925.0 45.0 925.0 79.0 913.0 79.0 people 0
897.0 45.0 911.0 45.0 911.0 82.0 897.0 82.0 people 0
925.0 42.0 940.0 42.0 940.0 76.0 925.0 76.0 people 0
916.0 5.0 933.0 5.0 933.0 45.0 916.0 45.0 people 0
896.0 23.0 907.0 23.0 907.0 49.0 896.0 49.0 people 0
843.0 37.0 861.0 37.0 861.0 78.0 843.0 78.0 people 0
