373.0 626.0 534.0 709.0 512.0 751.0 351.0 668.0 boat 0
420.0 598.0 581.0 681.0 559.0 723.0 398.0 640.0 boat 0
463.0 572.0 624.0 655.0 602.0 697.0 441.0 614.0 boat 0
505.0 544.0 666.0 627.0 644.0 669.0 483.0 586.0 boat 0
545.0 519.0 706.0 602.0 684.0 644.0 523.0 561.0 boat 0
583.0 495.0 744.0 578.0 722.0 620.0 561.0 537.0 boat 0
619.0 470.0 782.0 554.0 762.0 594.0 598.0 509.0 boat 0
657.0 447.0 813.0 528.0 793.0 567.0 637.0 485.0 boat 0
700.0 426.0 856.0 507.0 836.0 546.0 680.0 464.0 boat 0
729.0 401.0 885.0 482.0 865.0 521.0 709.0 439.0 boat 0
763.0 378.0 919.0 459.0 901.0 495.0 745.0 414.0 boat 0
797.0 356.0 950.0 436.0 932.0 471.0 779.0 391.0 boat 0
831.0 334.0 984.0 414.0 966.0 449.0 813.0 369.0 boat 0
860.0 310.0 1013.0 390.0 995.0 425.0 842.0 345.0 boat 0
888.0 290.0 1035.0 367.0 1019.0 398.0 871.0 321.0 boat 2
925.0 273.0 1072.0 350.0 1056.0 381.0 908.0 304.0 boat 2
955.0 253.0 1102.0 330.0 1086.0 361.0 938.0 284.0 boat 2
899.0 137.0 1039.0 198.0 1027.0 226.0 887.0 165.0 boat 2
868.0 156.0 1008.0 217.0 996.0 245.0 856.0 184.0 boat 0
844.0 170.0 979.0 238.0 962.0 270.0 828.0 202.0 boat 0
816.0 190.0 950.0 258.0 935.0 286.0 802.0 219.0 boat 0
787.0 211.0 921.0 279.0 906.0 307.0 773.0 240.0 boat 0
753.0 228.0 887.0 296.0 872.0 324.0 739.0 257.0 boat 0
724.0 249.0 858.0 317.0 843.0 345.0 710.0 278.0 boat 0
693.0 269.0 820.0 334.0 804.0 365.0 678.0 300.0 boat 0
658.0 287.0 788.0 359.0 771.0 390.0 641.0 318.0 boat 0
625.0 304.0 751.0 383.0 733.0 413.0 606.0 334.0 boat 0
592.0 325.0 718.0 404.0 700.0 434.0 573.0 355.0 boat 0
557.0 344.0 689.0 430.0 666.0 464.0 534.0 379.0 boat 0
523.0 369.0 651.0 453.0 629.0 486.0 501.0 402.0 boat 0
488.0 393.0 613.0 480.0 590.0 512.0 465.0 425.0 boat 0
455.0 407.0 578.0 508.0 552.0 540.0 428.0 440.0 boat 0
412.0 430.0 535.0 531.0 509.0 563.0 385.0 463.0 boat 0
374.0 457.0 494.0 555.0 466.0 589.0 346.0 491.0 boat 0
346.0 474.0 455.0 584.0 419.0 621.0 309.0 510.0 boat 0
305.0 503.0 414.0 613.0 378.0 650.0 268.0 539.0 boat 0
261.0 527.0 370.0 637.0 334.0 674.0 224.0 563.0 boat 0
5.0 378.0 133.0 455.0 110.0 492.0 -17.0 415.0 boat 2
48.0 355.0 158.0 421.0 136.0 457.0 27.0 391.0 boat 0
91.0 334.0 194.0 396.0 173.0 430.0 71.0 368.0 boat 0
130.0 315.0 233.0 377.0 212.0 411.0 110.0 349.0 boat 0
167.0 292.0 270.0 354.0 249.0 388.0 147.0 326.0 boat 0
208.0 271.0 307.0 337.0 285.0 369.0 186.0 303.0 boat 0
245.0 249.0 342.0 315.0 321.0 347.0 224.0 282.0 boat 0
282.0 232.0 372.0 292.0 353.0 321.0 263.0 260.0 boat 0
317.0 210.0 409.0 272.0 387.0 304.0 295.0 242.0 boat 0
357.0 193.0 469.0 269.0 448.0 300.0 336.0 225.0 boat 0
392.0 176.0 505.0 252.0 486.0 282.0 373.0 206.0 boat 0
426.0 159.0 540.0 235.0 520.0 264.0 407.0 188.0 boat 0
459.0 139.0 568.0 211.0 548.0 241.0 440.0 168.0 boat 0
491.0 121.0 600.0 193.0 580.0 223.0 472.0 150.0 boat 0
523.0 104.0 629.0 175.0 611.0 201.0 506.0 130.0 boat 0
559.0 85.0 665.0 157.0 646.0 185.0 540.0 114.0 boat 0
584.0 76.0 691.0 134.0 676.0 160.0 570.0 102.0 boat 0
610.0 62.0 707.0 115.0 694.0 138.0 597.0 85.0 boat 0
639.0 44.0 725.0 91.0 712.0 113.0 627.0 66.0 boat 0
671.0 29.0 757.0 76.0 744.0 98.0 659.0 51.0 boat 0
702.0 12.0 787.0 59.0 773.0 84.0 688.0 37.0 boat 0
732.0 0.0 810.0 43.0 797.0 65.0 720.0 23.0 boat 0
576.0 -34.0 696.0 15.0 687.0 37.0 567.0 -11.0 boat 2
547.0 -19.0 667.0 30.0 658.0 52.0 538.0 4.0 boat 2
519.0 -8.0 645.0 43.0 633.0 73.0 507.0 22.0 boat 2
488.0 8.0 614.0 59.0 602.0 89.0 476.0 38.0 boat 0
463.0 22.0 589.0 73.0 577.0 103.0 451.0 52.0 boat 0
430.0 38.0 556.0 89.0 544.0 119.0 418.0 68.0 boat 0
397.0 56.0 523.0 107.0 511.0 137.0 385.0 86.0 boat 0
359.0 70.0 485.0 121.0 473.0 151.0 347.0 100.0 boat 0
330.0 88.0 456.0 139.0 444.0 169.0 318.0 118.0 boat 0
293.0 112.0 423.0 155.0 413.0 186.0 283.0 144.0 boat 0
256.0 129.0 393.0 174.0 383.0 205.0 246.0 160.0 boat 0
216.0 140.0 351.0 193.0 338.0 227.0 203.0 173.0 boat 0
180.0 157.0 315.0 210.0 302.0 244.0 167.0 190.0 boat 0
149.0 179.0 280.0 230.0 266.0 264.0 136.0 212.0 boat 0
113.0 192.0 239.0 254.0 222.0 287.0 97.0 224.0 boat 0
79.0 211.0 205.0 273.0 188.0 306.0 63.0 243.0 boat 0
37.0 226.0 171.0 294.0 154.0 328.0 19.0 261.0 boat 0
1.0 249.0 125.0 311.0 108.0 344.0 -15.0 283.0 boat 2
-42.0 269.0 84.0 333.0 66.0 369.0 -60.0 306.0 boat 2
991.0 -1.0 1012.0 -1.0 1012.0 39.0 991.0 39.0 people 2
966.0 -5.0 986.0 -5.0 986.0 39.0 966.0 39.0 people 2
