362.0 157.0 236.0 169.0 233.0 137.0 359.0 124.0 boat 0
420.0 126.0 223.0 145.0 217.0 81.0 414.0 61.0 boat 0
915.0 899.0 894.0 903.0 886.0 864.0 907.0 859.0 people 0
710.0 774.0 689.0 778.0 681.0 738.0 702.0 734.0 people 0
724.0 769.0 703.0 773.0 695.0 733.0 716.0 729.0 people 0
876.0 642.0 855.0 646.0 847.0 606.0 868.0 602.0 people 0
794.0 587.0 773.0 591.0 765.0 551.0 786.0 547.0 people 0
811.0 569.0 792.0 573.0 787.0 545.0 806.0 541.0 people 0
921.0 654.0 900.0 658.0 892.0 618.0 913.0 614.0 people 0
866.0 708.0 841.0 714.0 827.0 644.0 852.0 639.0 people 0
965.0 325.0 1072.0 325.0 1072.0 419.0 965.0 419.0 ignored 2
894.0 322.0 873.0 326.0 865.0 286.0 886.0 282.0 people 0
913.0 320.0 892.0 324.0 884.0 284.0 905.0 280.0 people 0
868.0 231.0 847.0 235.0 839.0 195.0 860.0 191.0 people 0
864.0 111.0 845.0 115.0 838.0 80.0 857.0 76.0 people 0
1027.0 130.0 1008.0 134.0 1001.0 99.0 1020.0 95.0 people 2
1010.0 133.0 991.0 137.0 984.0 102.0 1003.0 98.0 people 0
708.0 333.0 689.0 337.0 682.0 302.0 701.0 298.0 people 0
616.0 314.0 597.0 318.0 590.0 283.0 609.0 279.0 people 0
808.0 702.0 871.0 766.0 755.0 879.0 692.0 815.0 ignored 0
938.0 922.0 958.0 922.0 958.0 957.0 938.0 957.0 people 0
