335.0 580.0 -202.0 623.0 -215.0 462.0 323.0 419.0 boat 2
316.0 342.0 -221.0 385.0 -234.0 224.0 304.0 181.0 boat 2
484.0 43.0 463.0 50.0 454.0 23.0 476.0 16.0 people 0
463.0 43.0 445.0 48.0 438.0 29.0 457.0 23.0 people 0
441.0 128.0 423.0 132.0 419.0 111.0 437.0 107.0 people 0
421.0 130.0 404.0 134.0 399.0 112.0 417.0 109.0 people 0
503.0 134.0 485.0 135.0 484.0 117.0 501.0 116.0 people 0
520.0 126.0 502.0 127.0 501.0 109.0 518.0 108.0 people 0
524.0 63.0 503.0 67.0 499.0 51.0 520.0 47.0 people 0
490.0 197.0 470.0 202.0 465.0 183.0 484.0 177.0 people 0
536.0 57.0 518.0 61.0 514.0 37.0 532.0 34.0 people 0
475.0 202.0 459.0 206.0 455.0 192.0 471.0 187.0 people 0
456.0 216.0 441.0 220.0 435.0 202.0 450.0 197.0 people 0
445.0 187.0 424.0 194.0 416.0 170.0 437.0 164.0 people 0
425.0 247.0 402.0 250.0 400.0 230.0 423.0 228.0 people 0
482.0 89.0 458.0 91.0 456.0 72.0 480.0 69.0 people 0
485.0 125.0 461.0 130.0 457.0 108.0 480.0 103.0 people 0
439.0 94.0 415.0 96.0 413.0 74.0 436.0 71.0 people 0
329.0 276.0 301.0 279.0 299.0 257.0 326.0 255.0 people 0
454.0 76.0 430.0 78.0 428.0 56.0 451.0 53.0 people 0
465.0 339.0 439.0 341.0 437.0 320.0 464.0 318.0 people 0
514.0 320.0 493.0 322.0 491.0 300.0 511.0 298.0 people 0
543.0 315.0 520.0 323.0 515.0 305.0 537.0 298.0 people 0
527.0 309.0 510.0 311.0 509.0 299.0 525.0 298.0 people 0
382.0 560.0 409.0 560.0 409.0 581.0 382.0 581.0 people 0
470.0 582.0 491.0 582.0 491.0 605.0 470.0 605.0 people 0
489.0 583.0 510.0 583.0 510.0 606.0 489.0 606.0 people 0
521.0 754.0 542.0 754.0 542.0 777.0 521.0 777.0 people 0
550.0 559.0 700.0 559.0 700.0 629.0 550.0 629.0 ignored 0
544.0 751.0 565.0 751.0 565.0 774.0 544.0 774.0 people 0
546.0 874.0 567.0 874.0 567.0 897.0 546.0 897.0 people 0
521.0 870.0 544.0 870.0 544.0 895.0 521.0 895.0 people 0
501.0 872.0 524.0 872.0 524.0 897.0 501.0 897.0 people 0
957.0 303.0 935.0 305.0 933.0 283.0 955.0 281.0 people 0
999.0 298.0 979.0 300.0 977.0 281.0 997.0 280.0 people 0
910.0 333.0 933.0 334.0 932.0 358.0 909.0 357.0 people 0
937.0 413.0 960.0 414.0 959.0 438.0 936.0 437.0 people 0
958.0 417.0 981.0 418.0 980.0 442.0 957.0 441.0 people 0
927.0 503.0 950.0 504.0 949.0 528.0 926.0 527.0 people 0
949.0 504.0 972.0 505.0 971.0 529.0 948.0 528.0 people 0
938.0 559.0 961.0 560.0 960.0 584.0 937.0 583.0 people 0
