41.0 596.0 32.0 616.0 -11.0 593.0 -1.0 574.0 car 2
73.0 585.0 63.0 609.0 9.0 584.0 20.0 561.0 car 0
102.0 570.0 92.0 593.0 33.0 565.0 43.0 543.0 car 0
226.0 521.0 223.0 545.0 173.0 537.0 177.0 513.0 car 0
166.0 512.0 163.0 537.0 130.0 533.0 134.0 507.0 car 0
59.0 883.0 -18.0 923.0 -31.0 898.0 47.0 859.0 car 2
80.0 899.0 -2.0 940.0 -15.0 915.0 68.0 873.0 car 2
106.0 917.0 20.0 958.0 8.0 932.0 93.0 891.0 car 0
124.0 941.0 33.0 975.0 21.0 943.0 113.0 909.0 car 0
166.0 972.0 78.0 1006.0 67.0 977.0 156.0 944.0 car 0
185.0 995.0 95.0 1026.0 85.0 997.0 175.0 966.0 car 2
201.0 1014.0 111.0 1045.0 101.0 1016.0 191.0 985.0 car 2
327.0 1021.0 230.0 1047.0 221.0 1015.0 318.0 989.0 car 2
320.0 995.0 225.0 1020.0 218.0 994.0 314.0 968.0 car 0
302.0 979.0 216.0 1002.0 208.0 973.0 295.0 950.0 car 0
284.0 954.0 194.0 978.0 186.0 950.0 277.0 926.0 car 0
262.0 933.0 177.0 961.0 168.0 932.0 253.0 905.0 car 0
238.0 921.0 167.0 944.0 159.0 918.0 229.0 896.0 car 0
216.0 905.0 143.0 943.0 128.0 913.0 202.0 876.0 car 0
197.0 891.0 117.0 920.0 107.0 894.0 186.0 864.0 car 0
176.0 875.0 96.0 904.0 86.0 878.0 165.0 848.0 car 0
148.0 864.0 69.0 893.0 60.0 870.0 139.0 840.0 car 0
129.0 848.0 50.0 877.0 41.0 854.0 120.0 824.0 car 0
102.0 831.0 28.0 870.0 14.0 844.0 88.0 805.0 car 0
74.0 822.0 -1.0 856.0 -14.0 825.0 60.0 792.0 car 2
41.0 809.0 -24.0 839.0 -36.0 812.0 29.0 782.0 car 2
57.0 700.0 0.0 738.0 -16.0 716.0 42.0 677.0 car 2
87.0 706.0 30.0 744.0 14.0 722.0 72.0 683.0 car 0
113.0 717.0 56.0 755.0 40.0 733.0 98.0 694.0 car 0
146.0 723.0 89.0 761.0 73.0 739.0 131.0 700.0 car 0
176.0 729.0 119.0 767.0 103.0 745.0 161.0 706.0 car 0
199.0 741.0 145.0 777.0 129.0 754.0 183.0 718.0 car 0
229.0 749.0 171.0 788.0 153.0 762.0 211.0 723.0 car 0
263.0 758.0 198.0 801.0 182.0 778.0 247.0 734.0 car 0
289.0 768.0 226.0 810.0 210.0 787.0 273.0 745.0 car 0
312.0 780.0 249.0 822.0 233.0 799.0 296.0 757.0 car 0
336.0 791.0 273.0 833.0 257.0 810.0 320.0 768.0 car 0
361.0 804.0 302.0 841.0 287.0 816.0 346.0 780.0 car 0
387.0 821.0 317.0 857.0 303.0 831.0 373.0 795.0 car 0
409.0 834.0 339.0 870.0 325.0 844.0 395.0 808.0 car 0
429.0 849.0 359.0 885.0 345.0 859.0 415.0 823.0 car 0
463.0 862.0 393.0 898.0 379.0 872.0 449.0 836.0 car 0
481.0 882.0 414.0 916.0 399.0 887.0 466.0 853.0 car 0
502.0 897.0 423.0 936.0 409.0 909.0 489.0 869.0 car 0
510.0 917.0 436.0 954.0 421.0 925.0 496.0 888.0 car 0
533.0 939.0 451.0 963.0 442.0 936.0 525.0 911.0 car 0
551.0 973.0 464.0 995.0 455.0 956.0 542.0 934.0 car 0
606.0 1008.0 512.0 1031.0 503.0 994.0 596.0 971.0 car 2
725.0 1017.0 632.0 1034.0 626.0 1002.0 719.0 985.0 car 2
719.0 995.0 626.0 1012.0 620.0 980.0 713.0 963.0 car 0
699.0 973.0 613.0 989.0 608.0 963.0 695.0 947.0 car 0
696.0 952.0 606.0 970.0 600.0 940.0 690.0 923.0 car 0
662.0 930.0 581.0 946.0 576.0 922.0 657.0 906.0 car 0
630.0 908.0 549.0 924.0 544.0 900.0 625.0 884.0 car 0
622.0 891.0 541.0 907.0 536.0 883.0 617.0 867.0 car 0
601.0 874.0 520.0 899.0 512.0 871.0 593.0 847.0 car 0
585.0 860.0 504.0 885.0 496.0 857.0 577.0 833.0 car 0
560.0 840.0 487.0 862.0 480.0 838.0 553.0 816.0 car 0
536.0 829.0 457.0 856.0 447.0 828.0 527.0 801.0 car 0
510.0 812.0 436.0 839.0 428.0 815.0 502.0 789.0 car 0
483.0 797.0 416.0 821.0 407.0 797.0 474.0 774.0 car 0
463.0 788.0 397.0 813.0 388.0 789.0 455.0 764.0 car 0
438.0 779.0 372.0 804.0 363.0 780.0 430.0 755.0 car 0
417.0 765.0 345.0 796.0 334.0 771.0 406.0 740.0 car 0
385.0 753.0 318.0 779.0 307.0 751.0 375.0 725.0 car 0
361.0 739.0 287.0 767.0 278.0 743.0 351.0 715.0 car 0
331.0 733.0 265.0 762.0 255.0 739.0 321.0 710.0 car 0
294.0 722.0 234.0 747.0 225.0 725.0 285.0 701.0 car 0
267.0 715.0 220.0 735.0 210.0 711.0 258.0 692.0 car 0
239.0 707.0 189.0 737.0 175.0 714.0 226.0 683.0 car 0
200.0 701.0 159.0 726.0 147.0 707.0 189.0 682.0 car 0
187.0 690.0 134.0 722.0 119.0 698.0 173.0 665.0 car 0
161.0 681.0 101.0 716.0 85.0 690.0 145.0 654.0 car 0
125.0 674.0 68.0 707.0 55.0 686.0 112.0 652.0 car 0
96.0 671.0 43.0 702.0 29.0 679.0 82.0 647.0 car 0
67.0 663.0 12.0 689.0 0.0 664.0 55.0 638.0 car 0
302.0 673.0 292.0 706.0 230.0 687.0 240.0 655.0 car 0
195.0 607.0 144.0 641.0 129.0 618.0 180.0 585.0 car 0
210.0 610.0 172.0 649.0 154.0 632.0 193.0 592.0 car 0
235.0 614.0 197.0 653.0 179.0 636.0 218.0 596.0 car 0
264.0 615.0 226.0 654.0 208.0 637.0 247.0 597.0 car 0
302.0 623.0 257.0 661.0 240.0 642.0 285.0 604.0 car 0
325.0 632.0 279.0 669.0 263.0 650.0 309.0 612.0 car 0
357.0 637.0 311.0 674.0 295.0 655.0 341.0 617.0 car 0
380.0 645.0 334.0 682.0 318.0 663.0 364.0 625.0 car 0
423.0 646.0 366.0 690.0 345.0 664.0 402.0 620.0 car 0
445.0 658.0 398.0 694.0 383.0 675.0 429.0 639.0 car 0
477.0 667.0 425.0 706.0 408.0 683.0 460.0 644.0 car 0
498.0 674.0 446.0 713.0 429.0 690.0 481.0 651.0 car 0
527.0 685.0 478.0 721.0 462.0 700.0 512.0 663.0 car 0
560.0 694.0 501.0 736.0 483.0 710.0 542.0 668.0 car 0
580.0 699.0 528.0 736.0 515.0 718.0 568.0 681.0 car 0
602.0 715.0 552.0 751.0 536.0 728.0 587.0 692.0 car 0
620.0 725.0 571.0 759.0 559.0 741.0 608.0 707.0 car 0
653.0 734.0 595.0 775.0 578.0 750.0 636.0 709.0 car 0
676.0 748.0 621.0 786.0 606.0 764.0 661.0 726.0 car 0
696.0 756.0 641.0 794.0 626.0 772.0 681.0 734.0 car 0
716.0 772.0 661.0 810.0 646.0 788.0 701.0 750.0 car 0
747.0 780.0 692.0 818.0 677.0 796.0 732.0 758.0 car 0
777.0 800.0 714.0 838.0 696.0 810.0 759.0 771.0 car 0
796.0 814.0 731.0 853.0 717.0 829.0 782.0 791.0 car 0
812.0 832.0 743.0 862.0 733.0 837.0 802.0 808.0 car 0
834.0 850.0 765.0 880.0 755.0 855.0 824.0 826.0 car 0
860.0 873.0 786.0 904.0 774.0 874.0 847.0 843.0 car 0
893.0 890.0 816.0 922.0 804.0 892.0 880.0 860.0 car 0
921.0 899.0 836.0 934.0 826.0 909.0 910.0 873.0 car 0
921.0 920.0 846.0 949.0 836.0 925.0 912.0 895.0 car 0
940.0 942.0 865.0 971.0 853.0 942.0 929.0 912.0 car 0
974.0 963.0 884.0 997.0 872.0 967.0 962.0 932.0 car 0
978.0 990.0 888.0 1016.0 879.0 987.0 970.0 960.0 car 0
1002.0 1007.0 902.0 1037.0 893.0 1008.0 993.0 979.0 car 2
1059.0 947.0 971.0 963.0 966.0 935.0 1054.0 918.0 car 2
1036.0 926.0 948.0 942.0 943.0 914.0 1031.0 897.0 car 2
1020.0 910.0 932.0 926.0 927.0 898.0 1015.0 881.0 car 0
1000.0 886.0 924.0 900.0 918.0 871.0 995.0 856.0 car 0
976.0 869.0 888.0 889.0 881.0 859.0 968.0 838.0 car 0
954.0 852.0 877.0 869.0 871.0 841.0 947.0 823.0 car 0
931.0 837.0 856.0 860.0 848.0 832.0 922.0 809.0 car 0
913.0 819.0 838.0 842.0 830.0 814.0 904.0 791.0 car 0
886.0 806.0 814.0 828.0 805.0 797.0 877.0 774.0 car 0
865.0 781.0 801.0 802.0 794.0 780.0 859.0 760.0 car 0
843.0 771.0 779.0 792.0 772.0 770.0 837.0 750.0 car 0
821.0 756.0 757.0 777.0 750.0 755.0 815.0 735.0 car 0
788.0 750.0 725.0 775.0 715.0 748.0 778.0 722.0 car 0
764.0 736.0 705.0 768.0 689.0 739.0 749.0 706.0 car 0
720.0 716.0 662.0 740.0 651.0 713.0 708.0 689.0 car 0
690.0 703.0 627.0 722.0 620.0 699.0 684.0 680.0 car 0
673.0 695.0 613.0 714.0 606.0 692.0 666.0 673.0 car 0
647.0 688.0 588.0 709.0 579.0 684.0 638.0 664.0 car 0
623.0 676.0 564.0 697.0 555.0 672.0 614.0 652.0 car 0
599.0 666.0 538.0 687.0 530.0 663.0 590.0 642.0 car 0
569.0 655.0 513.0 684.0 501.0 661.0 558.0 632.0 car 0
532.0 646.0 483.0 671.0 472.0 650.0 522.0 624.0 car 0
497.0 640.0 448.0 665.0 437.0 644.0 487.0 618.0 car 0
469.0 633.0 425.0 656.0 416.0 639.0 460.0 617.0 car 0
437.0 624.0 388.0 647.0 378.0 627.0 428.0 603.0 car 0
414.0 618.0 365.0 641.0 355.0 621.0 405.0 597.0 car 0
376.0 613.0 333.0 633.0 325.0 616.0 368.0 596.0 car 0
355.0 611.0 306.0 634.0 297.0 615.0 346.0 592.0 car 0
337.0 598.0 283.0 623.0 273.0 602.0 326.0 577.0 car 0
294.0 601.0 252.0 621.0 242.0 601.0 284.0 581.0 car 0
272.0 591.0 223.0 614.0 213.0 593.0 262.0 570.0 car 0
245.0 589.0 196.0 612.0 186.0 591.0 235.0 568.0 car 0
392.0 537.0 349.0 572.0 334.0 554.0 377.0 519.0 car 0
418.0 541.0 375.0 576.0 360.0 558.0 403.0 523.0 car 0
445.0 545.0 402.0 580.0 387.0 562.0 430.0 527.0 car 0
478.0 552.0 435.0 587.0 420.0 569.0 463.0 534.0 car 0
504.0 557.0 461.0 592.0 446.0 574.0 489.0 539.0 car 0
536.0 565.0 493.0 600.0 478.0 582.0 521.0 547.0 car 0
561.0 569.0 518.0 604.0 503.0 586.0 546.0 551.0 car 0
592.0 576.0 549.0 611.0 534.0 593.0 577.0 558.0 car 0
619.0 582.0 576.0 617.0 561.0 599.0 604.0 564.0 car 0
650.0 587.0 607.0 622.0 592.0 604.0 635.0 569.0 car 0
670.0 598.0 627.0 633.0 612.0 615.0 655.0 580.0 car 0
704.0 604.0 661.0 639.0 646.0 621.0 689.0 586.0 car 0
731.0 612.0 688.0 647.0 673.0 629.0 716.0 594.0 car 0
760.0 618.0 717.0 653.0 702.0 635.0 745.0 600.0 car 0
789.0 641.0 728.0 669.0 715.0 642.0 776.0 613.0 car 0
820.0 643.0 758.0 673.0 746.0 649.0 809.0 619.0 car 0
837.0 657.0 783.0 685.0 772.0 663.0 825.0 636.0 car 0
862.0 670.0 819.0 693.0 806.0 668.0 850.0 646.0 car 0
896.0 672.0 850.0 700.0 837.0 679.0 882.0 651.0 car 0
917.0 682.0 859.0 718.0 845.0 697.0 903.0 661.0 car 0
946.0 695.0 895.0 726.0 880.0 702.0 931.0 671.0 car 0
970.0 706.0 919.0 737.0 904.0 713.0 955.0 682.0 car 0
1001.0 724.0 932.0 755.0 918.0 725.0 987.0 693.0 car 0
1030.0 734.0 976.0 759.0 965.0 736.0 1020.0 710.0 car 2
1046.0 747.0 992.0 772.0 981.0 749.0 1036.0 723.0 car 2
846.0 745.0 858.0 745.0 858.0 775.0 846.0 775.0 people 0
856.0 749.0 871.0 749.0 871.0 774.0 856.0 774.0 people 0
870.0 740.0 887.0 740.0 887.0 773.0 870.0 773.0 people 0
501.0 603.0 514.0 603.0 514.0 631.0 501.0 631.0 people 0
514.0 606.0 525.0 606.0 525.0 635.0 514.0 635.0 people 0
526.0 609.0 538.0 609.0 538.0 633.0 526.0 633.0 people 0
