685.0 741.0 754.0 741.0 754.0 766.0 685.0 766.0 traffic-sign 0
767.0 664.0 796.0 664.0 796.0 694.0 767.0 694.0 traffic-sign 0
809.0 664.0 838.0 664.0 838.0 694.0 809.0 694.0 traffic-sign 0
746.0 652.0 773.0 652.0 773.0 671.0 746.0 671.0 traffic-sign 0
541.0 579.0 552.0 579.0 552.0 586.0 541.0 586.0 car 0
578.0 586.0 586.0 586.0 586.0 597.0 578.0 597.0 car 0
592.0 591.0 601.0 591.0 601.0 600.0 592.0 600.0 car 0
605.0 597.0 613.0 597.0 613.0 605.0 605.0 605.0 car 0
611.0 596.0 621.0 596.0 621.0 605.0 611.0 605.0 car 0
626.0 597.0 637.0 597.0 637.0 605.0 626.0 605.0 car 0
640.0 602.0 650.0 602.0 650.0 610.0 640.0 610.0 car 0
662.0 619.0 670.0 619.0 670.0 628.0 662.0 628.0 car 0
670.0 630.0 679.0 630.0 679.0 638.0 670.0 638.0 car 0
679.0 641.0 686.0 641.0 686.0 649.0 679.0 649.0 car 0
682.0 656.0 693.0 656.0 693.0 663.0 682.0 663.0 car 0
666.0 644.0 675.0 644.0 675.0 654.0 666.0 654.0 car 0
675.0 670.0 695.0 670.0 695.0 686.0 675.0 686.0 car 0
682.0 716.0 663.0 722.0 653.0 690.0 672.0 684.0 ignored 0
700.0 629.0 709.0 629.0 709.0 635.0 700.0 635.0 car 0
718.0 624.0 732.0 624.0 732.0 641.0 718.0 641.0 truck 0
679.0 615.0 694.0 615.0 694.0 629.0 679.0 629.0 ignored 0
772.0 690.0 788.0 690.0 788.0 701.0 772.0 701.0 car 0
766.0 719.0 810.0 719.0 810.0 750.0 766.0 750.0 traffic-sign 0
825.0 902.0 844.0 902.0 844.0 916.0 825.0 916.0 car 0
849.0 854.0 871.0 854.0 871.0 872.0 849.0 872.0 car 0
822.0 850.0 840.0 850.0 840.0 865.0 822.0 865.0 car 0
848.0 623.0 863.0 623.0 863.0 635.0 848.0 635.0 car 0
