80.0 327.0 89.0 327.0 89.0 348.0 80.0 348.0 people 0
129.0 315.0 139.0 315.0 139.0 330.0 129.0 330.0 people 0
190.0 229.0 203.0 229.0 203.0 244.0 190.0 244.0 people 0
152.0 391.0 159.0 391.0 159.0 407.0 152.0 407.0 people 0
130.0 415.0 160.0 424.0 142.0 479.0 113.0 470.0 ignored 0
50.0 479.0 59.0 479.0 59.0 501.0 50.0 501.0 people 0
56.0 471.0 65.0 471.0 65.0 492.0 56.0 492.0 people 0
71.0 478.0 78.0 478.0 78.0 497.0 71.0 497.0 people 0
354.0 470.0 365.0 470.0 365.0 488.0 354.0 488.0 people 0
324.0 302.0 329.0 302.0 329.0 313.0 324.0 313.0 people 0
289.0 302.0 297.0 302.0 297.0 313.0 289.0 313.0 people 0
412.0 26.0 437.0 26.0 437.0 40.0 412.0 40.0 car 0
426.0 49.0 442.0 49.0 442.0 64.0 426.0 64.0 car 0
443.0 79.0 457.0 79.0 457.0 93.0 443.0 93.0 car 0
386.0 76.0 415.0 76.0 415.0 85.0 386.0 85.0 car 0
384.0 67.0 415.0 67.0 415.0 77.0 384.0 77.0 car 0
381.0 56.0 407.0 56.0 407.0 66.0 381.0 66.0 car 0
443.0 184.0 409.0 191.0 388.0 85.0 422.0 78.0 ignored 0
444.0 151.0 450.0 151.0 450.0 162.0 444.0 162.0 people 0
523.0 167.0 489.0 177.0 463.0 92.0 496.0 82.0 ignored 0
605.0 18.0 610.0 18.0 610.0 26.0 605.0 26.0 motor 0
550.0 170.0 575.0 170.0 575.0 186.0 550.0 186.0 car 0
584.0 143.0 602.0 143.0 602.0 157.0 584.0 157.0 car 0
591.0 158.0 613.0 158.0 613.0 172.0 591.0 172.0 car 0
626.0 37.0 641.0 37.0 641.0 50.0 626.0 50.0 car 0
473.0 333.0 479.0 333.0 479.0 345.0 473.0 345.0 people 0
623.0 290.0 630.0 290.0 630.0 303.0 623.0 303.0 people 0
634.0 276.0 639.0 276.0 639.0 288.0 634.0 288.0 people 0
634.0 291.0 641.0 291.0 641.0 303.0 634.0 303.0 people 0
647.0 286.0 653.0 286.0 653.0 301.0 647.0 301.0 people 0
639.0 279.0 646.0 279.0 646.0 291.0 639.0 291.0 people 0
707.0 819.0 737.0 819.0 737.0 883.0 707.0 883.0 car 0
728.0 797.0 702.0 799.0 698.0 767.0 725.0 764.0 car 0
722.0 744.0 697.0 746.0 693.0 712.0 719.0 710.0 car 0
724.0 767.0 700.0 769.0 697.0 743.0 722.0 741.0 car 0
747.0 918.0 765.0 918.0 765.0 944.0 747.0 944.0 motor 0
697.0 575.0 721.0 578.0 718.0 605.0 694.0 602.0 car 0
733.0 444.0 745.0 444.0 745.0 463.0 733.0 463.0 car 0
733.0 412.0 752.0 414.0 749.0 435.0 731.0 433.0 car 0
750.0 406.0 760.0 406.0 760.0 419.0 750.0 419.0 motor 0
820.0 418.0 840.0 420.0 838.0 443.0 818.0 441.0 car 0
842.0 398.0 862.0 400.0 860.0 421.0 840.0 419.0 car 0
758.0 411.0 784.0 411.0 784.0 431.0 758.0 431.0 car 0
737.0 364.0 760.0 364.0 760.0 384.0 737.0 384.0 car 0
751.0 307.0 762.0 307.0 762.0 327.0 751.0 327.0 car 0
870.0 336.0 852.0 341.0 845.0 320.0 864.0 314.0 car 0
804.0 132.0 811.0 132.0 811.0 142.0 804.0 142.0 motor 0
849.0 194.0 866.0 194.0 866.0 210.0 849.0 210.0 car 0
897.0 245.0 934.0 245.0 934.0 293.0 897.0 293.0 truck 0
957.0 186.0 979.0 186.0 979.0 201.0 957.0 201.0 car 0
959.0 302.0 983.0 302.0 983.0 318.0 959.0 318.0 car 0
998.0 327.0 1012.0 335.0 1004.0 350.0 989.0 343.0 car 0
1005.0 308.0 1015.0 308.0 1015.0 322.0 1005.0 322.0 people 0
659.0 7.0 726.0 27.0 721.0 45.0 653.0 24.0 ignored 0
548.0 130.0 579.0 130.0 579.0 158.0 548.0 158.0 truck 0
