709.0 571.0 794.0 571.0 794.0 797.0 709.0 797.0 car 0
47.0 937.0 137.0 937.0 137.0 972.0 47.0 972.0 motor 0
40.0 885.0 134.0 885.0 134.0 933.0 40.0 933.0 motor 0
42.0 841.0 136.0 841.0 136.0 889.0 42.0 889.0 motor 0
49.0 763.0 143.0 763.0 143.0 811.0 49.0 811.0 motor 0
47.0 722.0 138.0 722.0 138.0 760.0 47.0 760.0 motor 0
38.0 588.0 129.0 588.0 129.0 626.0 38.0 626.0 motor 0
41.0 670.0 132.0 670.0 132.0 708.0 41.0 708.0 motor 0
48.0 553.0 139.0 553.0 139.0 591.0 48.0 591.0 motor 0
36.0 586.0 127.0 586.0 127.0 624.0 36.0 624.0 motor 0
45.0 524.0 136.0 524.0 136.0 562.0 45.0 562.0 motor 0
53.0 458.0 144.0 458.0 144.0 496.0 53.0 496.0 motor 0
52.0 418.0 143.0 418.0 143.0 456.0 52.0 456.0 motor 0
48.0 381.0 139.0 381.0 139.0 419.0 48.0 419.0 motor 0
53.0 316.0 144.0 316.0 144.0 354.0 53.0 354.0 motor 0
46.0 344.0 137.0 344.0 137.0 382.0 46.0 382.0 motor 0
54.0 281.0 145.0 281.0 145.0 319.0 54.0 319.0 motor 0
46.0 242.0 137.0 242.0 137.0 280.0 46.0 280.0 motor 0
48.0 201.0 139.0 201.0 139.0 239.0 48.0 239.0 motor 0
50.0 163.0 141.0 163.0 141.0 201.0 50.0 201.0 motor 0
47.0 129.0 138.0 129.0 138.0 167.0 47.0 167.0 motor 0
40.0 94.0 131.0 94.0 131.0 132.0 40.0 132.0 motor 0
54.0 57.0 145.0 57.0 145.0 95.0 54.0 95.0 motor 0
60.0 16.0 151.0 16.0 151.0 54.0 60.0 54.0 motor 0
