774.0 851.0 829.0 855.0 818.0 991.0 763.0 987.0 car 0
556.0 627.0 582.0 633.0 574.0 675.0 547.0 669.0 motor 0
602.0 612.0 630.0 618.0 620.0 666.0 592.0 660.0 motor 0
83.0 587.0 223.0 588.0 222.0 636.0 83.0 635.0 car 0
-1.0 310.0 16.0 311.0 15.0 359.0 -2.0 359.0 motor 2
35.0 430.0 19.0 433.0 11.0 385.0 27.0 383.0 motor 0
11.0 344.0 27.0 346.0 21.0 394.0 4.0 392.0 motor 0
25.0 292.0 41.0 296.0 30.0 343.0 14.0 339.0 motor 0
58.0 364.0 42.0 367.0 34.0 319.0 50.0 317.0 motor 0
63.0 417.0 47.0 420.0 38.0 373.0 55.0 370.0 motor 0
80.0 420.0 64.0 424.0 51.0 378.0 67.0 373.0 motor 0
95.0 409.0 79.0 413.0 66.0 367.0 82.0 362.0 motor 0
82.0 355.0 66.0 359.0 53.0 313.0 69.0 308.0 motor 0
105.0 333.0 89.0 336.0 81.0 288.0 97.0 285.0 motor 0
106.0 395.0 90.0 399.0 77.0 353.0 93.0 348.0 motor 0
124.0 392.0 109.0 398.0 91.0 353.0 107.0 347.0 motor 0
144.0 381.0 129.0 388.0 108.0 345.0 122.0 338.0 motor 0
158.0 373.0 143.0 381.0 121.0 337.0 136.0 330.0 motor 0
133.0 332.0 118.0 338.0 100.0 293.0 116.0 287.0 motor 0
151.0 308.0 138.0 318.0 108.0 280.0 121.0 270.0 motor 0
183.0 347.0 170.0 357.0 140.0 319.0 153.0 309.0 motor 0
200.0 337.0 188.0 348.0 154.0 314.0 166.0 302.0 motor 0
207.0 318.0 196.0 331.0 159.0 300.0 170.0 287.0 motor 0
161.0 265.0 156.0 286.0 119.0 279.0 123.0 257.0 motor 0
208.0 308.0 201.0 316.0 169.0 289.0 177.0 281.0 motor 0
152.0 198.0 144.0 212.0 102.0 189.0 110.0 174.0 motor 0
168.0 176.0 160.0 191.0 117.0 168.0 125.0 153.0 motor 0
165.0 142.0 164.0 158.0 116.0 154.0 117.0 137.0 motor 0
170.0 111.0 174.0 127.0 126.0 137.0 123.0 120.0 motor 0
166.0 84.0 166.0 101.0 117.0 101.0 117.0 84.0 motor 0
198.0 208.0 198.0 224.0 149.0 224.0 149.0 208.0 motor 0
205.0 189.0 204.0 206.0 156.0 201.0 157.0 185.0 motor 0
209.0 179.0 202.0 194.0 158.0 175.0 164.0 160.0 motor 0
218.0 156.0 216.0 172.0 168.0 167.0 170.0 151.0 motor 0
214.0 126.0 214.0 143.0 166.0 143.0 166.0 126.0 motor 0
206.0 85.0 211.0 101.0 165.0 115.0 160.0 99.0 motor 0
202.0 64.0 205.0 80.0 158.0 89.0 155.0 73.0 motor 0
200.0 42.0 204.0 58.0 156.0 67.0 153.0 51.0 motor 0
207.0 24.0 208.0 40.0 160.0 45.0 159.0 29.0 motor 0
203.0 7.0 204.0 24.0 156.0 29.0 155.0 12.0 motor 0
249.0 4.0 255.0 21.0 210.0 38.0 203.0 21.0 motor 0
251.0 23.0 256.0 41.0 209.0 53.0 204.0 35.0 motor 0
256.0 48.0 256.0 67.0 207.0 65.0 208.0 46.0 motor 0
258.0 70.0 257.0 88.0 208.0 86.0 209.0 68.0 motor 0
256.0 92.0 255.0 110.0 206.0 108.0 207.0 90.0 motor 0
259.0 110.0 258.0 128.0 209.0 126.0 210.0 108.0 motor 0
259.0 140.0 258.0 158.0 209.0 156.0 210.0 138.0 motor 0
259.0 168.0 258.0 186.0 209.0 184.0 210.0 166.0 motor 0
258.0 198.0 254.0 216.0 206.0 204.0 211.0 186.0 motor 0
251.0 221.0 243.0 238.0 199.0 217.0 207.0 200.0 motor 0
237.0 237.0 229.0 254.0 184.0 234.0 192.0 217.0 motor 0
317.0 -6.0 316.0 14.0 268.0 14.0 268.0 -6.0 motor 2
319.0 11.0 318.0 31.0 270.0 31.0 270.0 11.0 motor 0
316.0 32.0 315.0 52.0 267.0 52.0 267.0 32.0 motor 0
310.0 53.0 310.0 69.0 269.0 69.0 269.0 52.0 motor 0
325.0 65.0 324.0 82.0 271.0 82.0 271.0 65.0 motor 0
319.0 107.0 318.0 124.0 265.0 124.0 265.0 107.0 motor 0
320.0 132.0 319.0 149.0 266.0 149.0 266.0 132.0 motor 0
323.0 197.0 318.0 213.0 266.0 197.0 272.0 181.0 motor 0
271.0 151.0 354.0 151.0 354.0 185.0 271.0 185.0 truck 0
317.0 212.0 311.0 228.0 260.0 213.0 265.0 196.0 motor 0
322.0 228.0 316.0 244.0 265.0 229.0 270.0 212.0 motor 0
320.0 259.0 312.0 274.0 265.0 248.0 273.0 233.0 motor 0
307.0 265.0 300.0 280.0 251.0 259.0 258.0 244.0 motor 0
299.0 291.0 291.0 307.0 243.0 281.0 252.0 266.0 motor 0
580.0 -4.0 622.0 -4.0 622.0 21.0 580.0 21.0 motor 2
585.0 27.0 625.0 27.0 625.0 48.0 585.0 48.0 motor 0
620.0 126.0 597.0 129.0 592.0 82.0 615.0 79.0 motor 0
574.0 78.0 592.0 78.0 592.0 116.0 574.0 116.0 motor 0
578.0 121.0 558.0 124.0 553.0 75.0 574.0 73.0 motor 0
560.0 122.0 540.0 125.0 535.0 76.0 556.0 74.0 motor 0
538.0 125.0 517.0 127.0 512.0 79.0 533.0 76.0 motor 0
492.0 78.0 513.0 78.0 513.0 127.0 492.0 127.0 motor 0
489.0 129.0 468.0 131.0 463.0 83.0 484.0 81.0 motor 0
447.0 80.0 468.0 80.0 468.0 129.0 447.0 129.0 motor 0
450.0 130.0 430.0 134.0 420.0 86.0 440.0 82.0 motor 0
431.0 134.0 411.0 138.0 401.0 91.0 422.0 86.0 motor 0
409.0 131.0 389.0 133.0 384.0 85.0 404.0 83.0 motor 0
661.0 120.0 685.0 120.0 685.0 166.0 661.0 166.0 motor 0
624.0 216.0 603.0 225.0 584.0 179.0 605.0 170.0 motor 0
596.0 217.0 574.0 222.0 564.0 172.0 586.0 167.0 motor 0
583.0 233.0 563.0 244.0 539.0 199.0 559.0 188.0 motor 0
568.0 234.0 552.0 250.0 515.0 215.0 531.0 198.0 motor 0
548.0 250.0 532.0 267.0 495.0 231.0 511.0 215.0 motor 0
436.0 165.0 436.0 186.0 395.0 187.0 394.0 166.0 motor 0
733.0 179.0 744.0 190.0 709.0 223.0 698.0 212.0 motor 0
730.0 210.0 741.0 221.0 706.0 254.0 695.0 243.0 motor 0
723.0 239.0 735.0 250.0 700.0 283.0 689.0 272.0 motor 0
651.0 262.0 672.0 262.0 672.0 314.0 651.0 314.0 motor 0
623.0 281.0 603.0 287.0 587.0 238.0 608.0 231.0 motor 0
613.0 284.0 595.0 296.0 566.0 254.0 584.0 242.0 motor 0
585.0 277.0 568.0 289.0 538.0 246.0 556.0 234.0 motor 0
586.0 291.0 575.0 309.0 531.0 281.0 543.0 263.0 motor 0
493.0 174.0 493.0 194.0 451.0 195.0 451.0 175.0 motor 0
385.0 188.0 391.0 208.0 352.0 221.0 345.0 202.0 motor 0
391.0 203.0 397.0 222.0 357.0 236.0 351.0 216.0 motor 0
386.0 232.0 392.0 251.0 352.0 265.0 346.0 245.0 motor 0
605.0 352.0 599.0 372.0 559.0 360.0 565.0 341.0 motor 0
557.0 350.0 541.0 363.0 514.0 331.0 530.0 318.0 motor 0
562.0 387.0 547.0 400.0 519.0 368.0 535.0 355.0 motor 0
542.0 407.0 527.0 418.0 503.0 382.0 518.0 372.0 motor 0
523.0 431.0 506.0 438.0 489.0 399.0 506.0 392.0 motor 0
495.0 431.0 478.0 440.0 458.0 402.0 474.0 393.0 motor 0
477.0 434.0 461.0 443.0 440.0 406.0 457.0 397.0 motor 0
467.0 374.0 451.0 383.0 430.0 346.0 447.0 337.0 motor 0
375.0 335.0 357.0 340.0 345.0 299.0 362.0 294.0 motor 0
400.0 292.0 359.0 304.0 352.0 281.0 394.0 269.0 motor 0
379.0 301.0 495.0 301.0 495.0 354.0 379.0 354.0 ignored 0
488.0 198.0 516.0 198.0 516.0 218.0 488.0 218.0 motor 0
468.0 469.0 489.0 478.0 474.0 514.0 453.0 504.0 people 0
445.0 520.0 461.0 529.0 441.0 566.0 424.0 557.0 motor 0
405.0 517.0 422.0 525.0 401.0 563.0 385.0 554.0 motor 0
377.0 512.0 394.0 520.0 373.0 558.0 357.0 549.0 motor 0
350.0 522.0 367.0 530.0 350.0 569.0 333.0 562.0 motor 0
243.0 522.0 260.0 529.0 244.0 568.0 227.0 561.0 motor 0
322.0 529.0 340.0 534.0 327.0 575.0 309.0 570.0 motor 0
219.0 516.0 236.0 524.0 219.0 563.0 202.0 556.0 motor 0
198.0 518.0 216.0 523.0 203.0 564.0 185.0 559.0 motor 0
164.0 523.0 182.0 527.0 174.0 568.0 156.0 565.0 motor 0
342.0 485.0 324.0 487.0 320.0 444.0 338.0 442.0 motor 0
327.0 474.0 309.0 476.0 304.0 433.0 323.0 432.0 motor 0
306.0 477.0 288.0 481.0 279.0 439.0 298.0 435.0 motor 0
289.0 470.0 271.0 473.0 262.0 431.0 281.0 428.0 motor 0
245.0 441.0 263.0 443.0 259.0 486.0 240.0 484.0 motor 0
224.0 434.0 243.0 435.0 239.0 478.0 220.0 476.0 motor 0
219.0 487.0 202.0 494.0 186.0 455.0 203.0 447.0 motor 0
190.0 486.0 173.0 493.0 156.0 453.0 173.0 446.0 motor 0
143.0 493.0 128.0 504.0 104.0 468.0 119.0 458.0 motor 0
52.0 478.0 35.0 483.0 22.0 442.0 40.0 437.0 motor 0
82.0 478.0 65.0 486.0 49.0 446.0 66.0 439.0 motor 0
98.0 476.0 81.0 482.0 68.0 441.0 86.0 435.0 motor 0
123.0 459.0 106.0 467.0 90.0 427.0 107.0 420.0 motor 0
196.0 424.0 179.0 433.0 159.0 395.0 175.0 386.0 motor 0
210.0 412.0 194.0 421.0 173.0 384.0 190.0 375.0 motor 0
224.0 403.0 208.0 412.0 187.0 375.0 204.0 366.0 motor 0
246.0 366.0 233.0 379.0 202.0 350.0 215.0 336.0 motor 0
262.0 342.0 250.0 356.0 217.0 330.0 228.0 315.0 motor 0
180.0 431.0 156.0 452.0 125.0 414.0 149.0 394.0 motor 0
151.0 450.0 140.0 462.0 118.0 441.0 130.0 428.0 motor 0
364.0 352.0 353.0 375.0 304.0 350.0 315.0 328.0 motor 0
330.0 389.0 306.0 435.0 276.0 419.0 299.0 373.0 motor 0
295.0 372.0 288.0 413.0 271.0 409.0 278.0 369.0 motor 0
98.0 522.0 87.0 562.0 70.0 557.0 81.0 517.0 motor 0
78.0 524.0 67.0 564.0 49.0 559.0 61.0 520.0 motor 0
56.0 525.0 45.0 565.0 27.0 560.0 39.0 521.0 motor 0
31.0 524.0 20.0 564.0 2.0 559.0 14.0 520.0 motor 0
