947.0 134.0 1009.0 134.0 1009.0 268.0 947.0 268.0 car 0
556.0 859.0 582.0 865.0 574.0 907.0 547.0 901.0 motor 0
602.0 844.0 630.0 850.0 620.0 898.0 592.0 892.0 motor 0
83.0 819.0 223.0 820.0 222.0 868.0 83.0 867.0 car 0
-13.0 81.0 15.0 81.0 15.0 109.0 -13.0 109.0 people 2
25.0 124.0 51.0 124.0 51.0 144.0 25.0 144.0 people 0
-1.0 542.0 16.0 543.0 15.0 591.0 -2.0 591.0 motor 2
35.0 662.0 19.0 665.0 11.0 617.0 27.0 615.0 motor 0
11.0 576.0 27.0 578.0 21.0 626.0 4.0 624.0 motor 0
25.0 524.0 41.0 528.0 30.0 575.0 14.0 571.0 motor 0
58.0 596.0 42.0 599.0 34.0 551.0 50.0 549.0 motor 0
63.0 649.0 47.0 652.0 38.0 605.0 55.0 602.0 motor 0
80.0 652.0 64.0 656.0 51.0 610.0 67.0 605.0 motor 0
95.0 641.0 79.0 645.0 66.0 599.0 82.0 594.0 motor 0
82.0 587.0 66.0 591.0 53.0 545.0 69.0 540.0 motor 0
105.0 565.0 89.0 568.0 81.0 520.0 97.0 517.0 motor 0
106.0 627.0 90.0 631.0 77.0 585.0 93.0 580.0 motor 0
124.0 624.0 109.0 630.0 91.0 585.0 107.0 579.0 motor 0
144.0 613.0 129.0 620.0 108.0 577.0 122.0 570.0 motor 0
158.0 605.0 143.0 613.0 121.0 569.0 136.0 562.0 motor 0
133.0 564.0 118.0 570.0 100.0 525.0 116.0 519.0 motor 0
151.0 540.0 138.0 550.0 108.0 512.0 121.0 502.0 motor 0
183.0 579.0 170.0 589.0 140.0 551.0 153.0 541.0 motor 0
200.0 569.0 188.0 580.0 154.0 546.0 166.0 534.0 motor 0
207.0 550.0 196.0 563.0 159.0 532.0 170.0 519.0 motor 0
161.0 497.0 156.0 518.0 119.0 511.0 123.0 489.0 motor 0
208.0 540.0 201.0 548.0 169.0 521.0 177.0 513.0 motor 0
152.0 430.0 144.0 444.0 102.0 421.0 110.0 406.0 motor 0
168.0 408.0 160.0 423.0 117.0 400.0 125.0 385.0 motor 0
165.0 374.0 164.0 390.0 116.0 386.0 117.0 369.0 motor 0
170.0 343.0 174.0 359.0 126.0 369.0 123.0 352.0 motor 0
166.0 316.0 166.0 333.0 117.0 333.0 117.0 316.0 motor 0
198.0 440.0 198.0 456.0 149.0 456.0 149.0 440.0 motor 0
205.0 421.0 204.0 438.0 156.0 433.0 157.0 417.0 motor 0
209.0 411.0 202.0 426.0 158.0 407.0 164.0 392.0 motor 0
218.0 388.0 216.0 404.0 168.0 399.0 170.0 383.0 motor 0
214.0 358.0 214.0 375.0 166.0 375.0 166.0 358.0 motor 0
206.0 317.0 211.0 333.0 165.0 347.0 160.0 331.0 motor 0
202.0 296.0 205.0 312.0 158.0 321.0 155.0 305.0 motor 0
200.0 274.0 204.0 290.0 156.0 299.0 153.0 283.0 motor 0
207.0 256.0 208.0 272.0 160.0 277.0 159.0 261.0 motor 0
203.0 210.0 205.0 230.0 154.0 236.0 152.0 216.0 motor 0
203.0 239.0 204.0 256.0 156.0 261.0 155.0 244.0 motor 0
191.0 197.0 189.0 217.0 138.0 211.0 140.0 191.0 motor 0
203.0 178.0 204.0 197.0 158.0 199.0 157.0 181.0 motor 0
200.0 167.0 197.0 185.0 149.0 179.0 152.0 160.0 motor 0
199.0 144.0 200.0 163.0 151.0 165.0 150.0 147.0 motor 0
250.0 138.0 255.0 157.0 208.0 169.0 203.0 151.0 motor 0
254.0 165.0 253.0 184.0 205.0 182.0 205.0 163.0 motor 0
256.0 193.0 255.0 211.0 206.0 209.0 207.0 191.0 motor 0
253.0 209.0 252.0 227.0 203.0 225.0 204.0 207.0 motor 0
249.0 236.0 255.0 253.0 210.0 270.0 203.0 253.0 motor 0
251.0 255.0 256.0 273.0 209.0 285.0 204.0 267.0 motor 0
256.0 280.0 256.0 299.0 207.0 297.0 208.0 278.0 motor 0
258.0 302.0 257.0 320.0 208.0 318.0 209.0 300.0 motor 0
256.0 324.0 255.0 342.0 206.0 340.0 207.0 322.0 motor 0
259.0 342.0 258.0 360.0 209.0 358.0 210.0 340.0 motor 0
259.0 372.0 258.0 390.0 209.0 388.0 210.0 370.0 motor 0
259.0 400.0 258.0 418.0 209.0 416.0 210.0 398.0 motor 0
258.0 430.0 254.0 448.0 206.0 436.0 211.0 418.0 motor 0
251.0 453.0 243.0 470.0 199.0 449.0 207.0 432.0 motor 0
237.0 469.0 229.0 486.0 184.0 466.0 192.0 449.0 motor 0
253.0 104.0 255.0 123.0 206.0 126.0 205.0 107.0 motor 0
255.0 84.0 254.0 104.0 202.0 101.0 203.0 82.0 motor 0
255.0 56.0 254.0 76.0 202.0 73.0 203.0 54.0 motor 0
215.0 65.0 208.0 83.0 159.0 65.0 166.0 47.0 motor 0
192.0 73.0 184.0 90.0 137.0 68.0 145.0 50.0 motor 0
178.0 111.0 166.0 119.0 141.0 85.0 153.0 76.0 motor 0
224.0 6.0 226.0 28.0 180.0 32.0 178.0 10.0 motor 0
213.0 32.0 213.0 56.0 166.0 56.0 166.0 32.0 motor 0
316.0 38.0 318.0 59.0 270.0 64.0 268.0 44.0 motor 0
312.0 74.0 314.0 95.0 266.0 100.0 264.0 80.0 motor 0
313.0 100.0 315.0 120.0 267.0 125.0 265.0 104.0 motor 0
313.0 120.0 314.0 141.0 266.0 145.0 264.0 125.0 motor 0
318.0 143.0 318.0 163.0 269.0 163.0 269.0 143.0 motor 0
312.0 158.0 311.0 178.0 263.0 178.0 263.0 158.0 motor 0
314.0 184.0 312.0 204.0 264.0 199.0 266.0 179.0 motor 0
318.0 198.0 318.0 218.0 269.0 218.0 269.0 198.0 motor 0
317.0 226.0 316.0 246.0 268.0 246.0 268.0 226.0 motor 0
319.0 243.0 318.0 263.0 270.0 263.0 270.0 243.0 motor 0
316.0 264.0 315.0 284.0 267.0 284.0 267.0 264.0 motor 0
310.0 285.0 310.0 301.0 269.0 301.0 269.0 284.0 motor 0
325.0 297.0 324.0 314.0 271.0 314.0 271.0 297.0 motor 0
319.0 339.0 318.0 356.0 265.0 356.0 265.0 339.0 motor 0
320.0 364.0 319.0 381.0 266.0 381.0 266.0 364.0 motor 0
323.0 429.0 318.0 445.0 266.0 429.0 272.0 413.0 motor 0
271.0 383.0 354.0 383.0 354.0 417.0 271.0 417.0 truck 0
317.0 444.0 311.0 460.0 260.0 445.0 265.0 428.0 motor 0
322.0 460.0 316.0 476.0 265.0 461.0 270.0 444.0 motor 0
320.0 491.0 312.0 506.0 265.0 480.0 273.0 465.0 motor 0
307.0 497.0 300.0 512.0 251.0 491.0 258.0 476.0 motor 0
299.0 523.0 291.0 539.0 243.0 513.0 252.0 498.0 motor 0
512.0 34.0 525.0 49.0 488.0 81.0 475.0 65.0 motor 0
435.0 39.0 448.0 55.0 411.0 86.0 398.0 71.0 motor 0
419.0 24.0 432.0 40.0 395.0 71.0 382.0 56.0 motor 0
353.0 111.0 332.0 112.0 330.0 72.0 352.0 71.0 motor 0
379.0 77.0 367.0 91.0 333.0 60.0 345.0 46.0 motor 0
400.0 71.0 388.0 85.0 350.0 51.0 362.0 37.0 motor 0
564.0 28.0 570.0 43.0 534.0 58.0 528.0 44.0 motor 0
557.0 49.0 563.0 71.0 520.0 84.0 513.0 63.0 motor 0
610.0 42.0 611.0 58.0 567.0 63.0 565.0 47.0 motor 0
580.0 228.0 622.0 228.0 622.0 253.0 580.0 253.0 motor 0
579.0 199.0 629.0 199.0 629.0 226.0 579.0 226.0 motor 0
585.0 259.0 625.0 259.0 625.0 280.0 585.0 280.0 motor 0
620.0 358.0 597.0 361.0 592.0 314.0 615.0 311.0 motor 0
574.0 310.0 592.0 310.0 592.0 348.0 574.0 348.0 motor 0
578.0 353.0 558.0 356.0 553.0 307.0 574.0 305.0 motor 0
560.0 354.0 540.0 357.0 535.0 308.0 556.0 306.0 motor 0
538.0 357.0 517.0 359.0 512.0 311.0 533.0 308.0 motor 0
492.0 310.0 513.0 310.0 513.0 359.0 492.0 359.0 motor 0
489.0 361.0 468.0 363.0 463.0 315.0 484.0 313.0 motor 0
447.0 312.0 468.0 312.0 468.0 361.0 447.0 361.0 motor 0
450.0 362.0 430.0 366.0 420.0 318.0 440.0 314.0 motor 0
431.0 366.0 411.0 370.0 401.0 323.0 422.0 318.0 motor 0
409.0 363.0 389.0 365.0 384.0 317.0 404.0 315.0 motor 0
661.0 352.0 685.0 352.0 685.0 398.0 661.0 398.0 motor 0
624.0 448.0 603.0 457.0 584.0 411.0 605.0 402.0 motor 0
596.0 449.0 574.0 454.0 564.0 404.0 586.0 399.0 motor 0
583.0 465.0 563.0 476.0 539.0 431.0 559.0 420.0 motor 0
568.0 466.0 552.0 482.0 515.0 447.0 531.0 430.0 motor 0
548.0 482.0 532.0 499.0 495.0 463.0 511.0 447.0 motor 0
436.0 397.0 436.0 418.0 395.0 419.0 394.0 398.0 motor 0
733.0 411.0 744.0 422.0 709.0 455.0 698.0 444.0 motor 0
730.0 442.0 741.0 453.0 706.0 486.0 695.0 475.0 motor 0
723.0 471.0 735.0 482.0 700.0 515.0 689.0 504.0 motor 0
651.0 494.0 672.0 494.0 672.0 546.0 651.0 546.0 motor 0
623.0 513.0 603.0 519.0 587.0 470.0 608.0 463.0 motor 0
613.0 516.0 595.0 528.0 566.0 486.0 584.0 474.0 motor 0
585.0 509.0 568.0 521.0 538.0 478.0 556.0 466.0 motor 0
586.0 523.0 575.0 541.0 531.0 513.0 543.0 495.0 motor 0
493.0 406.0 493.0 426.0 451.0 427.0 451.0 407.0 motor 0
385.0 420.0 391.0 440.0 352.0 453.0 345.0 434.0 motor 0
391.0 435.0 397.0 454.0 357.0 468.0 351.0 448.0 motor 0
386.0 464.0 392.0 483.0 352.0 497.0 346.0 477.0 motor 0
605.0 584.0 599.0 604.0 559.0 592.0 565.0 573.0 motor 0
557.0 582.0 541.0 595.0 514.0 563.0 530.0 550.0 motor 0
562.0 619.0 547.0 632.0 519.0 600.0 535.0 587.0 motor 0
542.0 639.0 527.0 650.0 503.0 614.0 518.0 604.0 motor 0
523.0 663.0 506.0 670.0 489.0 631.0 506.0 624.0 motor 0
495.0 663.0 478.0 672.0 458.0 634.0 474.0 625.0 motor 0
477.0 666.0 461.0 675.0 440.0 638.0 457.0 629.0 motor 0
467.0 606.0 451.0 615.0 430.0 578.0 447.0 569.0 motor 0
375.0 567.0 357.0 572.0 345.0 531.0 362.0 526.0 motor 0
400.0 524.0 359.0 536.0 352.0 513.0 394.0 501.0 motor 0
379.0 533.0 495.0 533.0 495.0 586.0 379.0 586.0 ignored 0
488.0 430.0 516.0 430.0 516.0 450.0 488.0 450.0 motor 0
468.0 701.0 489.0 710.0 474.0 746.0 453.0 736.0 people 0
445.0 752.0 461.0 761.0 441.0 798.0 424.0 789.0 motor 0
405.0 749.0 422.0 757.0 401.0 795.0 385.0 786.0 motor 0
377.0 744.0 394.0 752.0 373.0 790.0 357.0 781.0 motor 0
350.0 754.0 367.0 762.0 350.0 801.0 333.0 794.0 motor 0
243.0 754.0 260.0 761.0 244.0 800.0 227.0 793.0 motor 0
322.0 761.0 340.0 766.0 327.0 807.0 309.0 802.0 motor 0
219.0 748.0 236.0 756.0 219.0 795.0 202.0 788.0 motor 0
198.0 750.0 216.0 755.0 203.0 796.0 185.0 791.0 motor 0
164.0 755.0 182.0 759.0 174.0 800.0 156.0 797.0 motor 0
342.0 717.0 324.0 719.0 320.0 676.0 338.0 674.0 motor 0
327.0 706.0 309.0 708.0 304.0 665.0 323.0 664.0 motor 0
306.0 709.0 288.0 713.0 279.0 671.0 298.0 667.0 motor 0
289.0 702.0 271.0 705.0 262.0 663.0 281.0 660.0 motor 0
245.0 673.0 263.0 675.0 259.0 718.0 240.0 716.0 motor 0
224.0 666.0 243.0 667.0 239.0 710.0 220.0 708.0 motor 0
219.0 719.0 202.0 726.0 186.0 687.0 203.0 679.0 motor 0
190.0 718.0 173.0 725.0 156.0 685.0 173.0 678.0 motor 0
143.0 725.0 128.0 736.0 104.0 700.0 119.0 690.0 motor 0
52.0 710.0 35.0 715.0 22.0 674.0 40.0 669.0 motor 0
82.0 710.0 65.0 718.0 49.0 678.0 66.0 671.0 motor 0
98.0 708.0 81.0 714.0 68.0 673.0 86.0 667.0 motor 0
123.0 691.0 106.0 699.0 90.0 659.0 107.0 652.0 motor 0
196.0 656.0 179.0 665.0 159.0 627.0 175.0 618.0 motor 0
210.0 644.0 194.0 653.0 173.0 616.0 190.0 607.0 motor 0
224.0 635.0 208.0 644.0 187.0 607.0 204.0 598.0 motor 0
246.0 598.0 233.0 611.0 202.0 582.0 215.0 568.0 motor 0
262.0 574.0 250.0 588.0 217.0 562.0 228.0 547.0 motor 0
180.0 663.0 156.0 684.0 125.0 646.0 149.0 626.0 motor 0
151.0 682.0 140.0 694.0 118.0 673.0 130.0 660.0 motor 0
364.0 584.0 353.0 607.0 304.0 582.0 315.0 560.0 motor 0
330.0 621.0 306.0 667.0 276.0 651.0 299.0 605.0 motor 0
295.0 604.0 288.0 645.0 271.0 641.0 278.0 601.0 motor 0
98.0 754.0 87.0 794.0 70.0 789.0 81.0 749.0 motor 0
78.0 756.0 67.0 796.0 49.0 791.0 61.0 752.0 motor 0
56.0 757.0 45.0 797.0 27.0 792.0 39.0 753.0 motor 0
31.0 756.0 20.0 796.0 2.0 791.0 14.0 752.0 motor 0
