279.0 822.0 447.0 822.0 447.0 901.0 279.0 901.0 car 0
298.0 713.0 466.0 713.0 466.0 792.0 298.0 792.0 car 0
-50.0 798.0 134.0 798.0 134.0 867.0 -50.0 867.0 car 2
-22.0 699.0 137.0 699.0 137.0 766.0 -22.0 766.0 car 2
65.0 585.0 130.0 585.0 130.0 621.0 65.0 621.0 motor 0
112.0 519.0 169.0 519.0 169.0 558.0 112.0 558.0 motor 0
135.0 476.0 192.0 476.0 192.0 515.0 135.0 515.0 motor 0
139.0 460.0 196.0 460.0 196.0 499.0 139.0 499.0 motor 0
150.0 446.0 207.0 446.0 207.0 485.0 150.0 485.0 motor 0
184.0 360.0 241.0 360.0 241.0 399.0 184.0 399.0 motor 0
164.0 399.0 221.0 399.0 221.0 438.0 164.0 438.0 motor 0
161.0 412.0 218.0 412.0 218.0 451.0 161.0 451.0 motor 0
211.0 305.0 268.0 305.0 268.0 344.0 211.0 344.0 motor 0
209.0 303.0 265.0 303.0 265.0 332.0 209.0 332.0 motor 0
218.0 266.0 274.0 266.0 274.0 295.0 218.0 295.0 motor 0
216.0 231.0 272.0 231.0 272.0 260.0 216.0 260.0 motor 0
224.0 213.0 280.0 213.0 280.0 242.0 224.0 242.0 motor 0
238.0 202.0 294.0 202.0 294.0 231.0 238.0 231.0 motor 0
236.0 200.0 292.0 200.0 292.0 229.0 236.0 229.0 motor 0
194.0 457.0 239.0 457.0 239.0 526.0 194.0 526.0 tricycle 0
159.0 597.0 187.0 597.0 187.0 645.0 159.0 645.0 people 0
849.0 936.0 777.0 943.0 764.0 812.0 836.0 805.0 car 0
748.0 166.0 697.0 171.0 689.0 93.0 741.0 88.0 car 0
1006.0 135.0 953.0 140.0 946.0 73.0 1000.0 68.0 car 0
916.0 17.0 1006.0 17.0 1006.0 50.0 916.0 50.0 traffic-sign 0
