720.0 -34.0 747.0 -32.0 742.0 46.0 715.0 44.0 people 2
778.0 58.0 811.0 80.0 764.0 149.0 732.0 126.0 motor 0
605.0 27.0 619.0 64.0 566.0 85.0 552.0 47.0 motor 0
564.0 8.0 579.0 31.0 530.0 62.0 515.0 39.0 motor 0
522.0 -11.0 541.0 27.0 488.0 54.0 469.0 16.0 motor 2
413.0 24.0 658.0 100.0 632.0 186.0 386.0 110.0 car 0
566.0 120.0 722.0 299.0 640.0 371.0 483.0 192.0 car 0
413.0 124.0 559.0 313.0 486.0 370.0 340.0 181.0 car 0
299.0 50.0 522.0 121.0 497.0 202.0 273.0 131.0 car 0
161.0 139.0 225.0 308.0 131.0 344.0 67.0 174.0 car 0
303.0 111.0 361.0 276.0 259.0 313.0 201.0 148.0 truck 0
