446.0 99.0 457.0 99.0 457.0 110.0 446.0 110.0 car 0
412.0 127.0 430.0 128.0 429.0 135.0 411.0 134.0 car 0
594.0 133.0 618.0 133.0 618.0 140.0 594.0 140.0 car 0
693.0 132.0 714.0 132.0 714.0 140.0 693.0 140.0 car 0
389.0 87.0 396.0 87.0 396.0 99.0 389.0 99.0 traffic-light 0
357.0 118.0 366.0 118.0 366.0 127.0 357.0 127.0 traffic-light 0
371.0 37.0 391.0 37.0 391.0 53.0 371.0 53.0 traffic-sign 0
442.0 86.0 448.0 86.0 448.0 94.0 442.0 94.0 motor 0
469.0 56.0 483.0 56.0 483.0 69.0 469.0 69.0 ignored 0
494.0 109.0 512.0 109.0 512.0 120.0 494.0 120.0 ignored 0
312.0 148.0 324.0 148.0 324.0 156.0 312.0 156.0 car 0
326.0 149.0 336.0 149.0 336.0 157.0 326.0 157.0 car 0
286.0 157.0 298.0 157.0 298.0 168.0 286.0 168.0 car 0
320.0 169.0 343.0 169.0 343.0 191.0 320.0 191.0 traffic-sign 0
175.0 181.0 202.0 181.0 202.0 201.0 175.0 201.0 traffic-sign 0
63.0 277.0 74.0 277.0 74.0 289.0 63.0 289.0 traffic-light 0
127.0 274.0 135.0 274.0 135.0 284.0 127.0 284.0 traffic-light 0
178.0 308.0 189.0 308.0 189.0 320.0 178.0 320.0 ignored 0
725.0 320.0 780.0 320.0 780.0 330.0 725.0 330.0 ignored 0
832.0 135.0 877.0 135.0 877.0 145.0 832.0 145.0 ignored 0
424.0 622.0 456.0 622.0 456.0 634.0 424.0 634.0 traffic-sign 0
411.0 675.0 423.0 685.0 406.0 706.0 394.0 695.0 car 0
353.0 757.0 363.0 769.0 337.0 790.0 327.0 777.0 car 0
290.0 795.0 300.0 807.0 274.0 828.0 264.0 815.0 car 0
319.0 773.0 329.0 785.0 303.0 806.0 293.0 793.0 car 0
247.0 776.0 257.0 788.0 231.0 809.0 221.0 796.0 car 0
215.0 798.0 226.0 811.0 199.0 833.0 188.0 819.0 car 0
199.0 841.0 218.0 849.0 208.0 873.0 189.0 866.0 car 0
258.0 855.0 232.0 870.0 221.0 849.0 247.0 835.0 car 0
