507.0 1053.0 257.0 1066.0 250.0 927.0 501.0 914.0 truck 2
255.0 1072.0 18.0 1084.0 11.0 951.0 249.0 939.0 truck 2
546.0 973.0 303.0 986.0 297.0 860.0 540.0 848.0 truck 0
298.0 954.0 70.0 966.0 66.0 876.0 294.0 864.0 truck 0
349.0 874.0 140.0 884.0 136.0 803.0 345.0 792.0 truck 0
573.0 890.0 339.0 902.0 333.0 787.0 568.0 775.0 truck 0
378.0 712.0 619.0 724.0 614.0 828.0 373.0 816.0 truck 0
395.0 806.0 198.0 816.0 194.0 737.0 392.0 727.0 truck 0
443.0 741.0 246.0 751.0 242.0 672.0 440.0 662.0 truck 0
428.0 654.0 644.0 665.0 640.0 761.0 423.0 751.0 truck 0
473.0 619.0 676.0 629.0 673.0 703.0 469.0 693.0 truck 0
297.0 611.0 473.0 620.0 469.0 683.0 293.0 675.0 truck 0
495.0 415.0 661.0 424.0 657.0 513.0 491.0 505.0 truck 0
728.0 326.0 787.0 362.0 725.0 464.0 665.0 428.0 truck 0
660.0 319.0 719.0 355.0 657.0 457.0 597.0 421.0 truck 0
596.0 324.0 655.0 360.0 593.0 462.0 533.0 426.0 truck 0
529.0 316.0 588.0 352.0 526.0 454.0 466.0 418.0 truck 0
474.0 321.0 527.0 361.0 450.0 464.0 396.0 423.0 truck 0
418.0 306.0 471.0 346.0 394.0 449.0 340.0 408.0 truck 0
361.0 293.0 414.0 333.0 337.0 436.0 283.0 395.0 truck 0
299.0 294.0 337.0 323.0 279.0 398.0 241.0 369.0 truck 0
237.0 292.0 275.0 321.0 217.0 396.0 179.0 367.0 truck 0
184.0 294.0 222.0 323.0 164.0 398.0 126.0 369.0 truck 0
280.0 209.0 320.0 246.0 236.0 336.0 196.0 300.0 truck 0
340.0 204.0 380.0 241.0 296.0 331.0 256.0 295.0 truck 0
382.0 216.0 422.0 253.0 338.0 343.0 298.0 307.0 truck 0
453.0 210.0 493.0 247.0 409.0 337.0 369.0 301.0 truck 0
516.0 226.0 556.0 263.0 472.0 353.0 432.0 317.0 truck 0
581.0 243.0 621.0 280.0 537.0 370.0 497.0 334.0 truck 0
629.0 248.0 669.0 285.0 585.0 375.0 545.0 339.0 truck 0
686.0 244.0 731.0 285.0 649.0 373.0 604.0 331.0 truck 0
808.0 237.0 857.0 282.0 780.0 364.0 731.0 319.0 truck 0
753.0 227.0 749.0 282.0 609.0 271.0 613.0 216.0 truck 0
634.0 228.0 630.0 284.0 505.0 274.0 510.0 218.0 truck 0
867.0 133.0 842.0 221.0 776.0 203.0 801.0 114.0 truck 0
811.0 120.0 786.0 207.0 734.0 193.0 759.0 105.0 truck 0
771.0 108.0 742.0 209.0 685.0 193.0 714.0 92.0 truck 0
712.0 132.0 688.0 214.0 639.0 200.0 662.0 118.0 truck 0
670.0 131.0 635.0 217.0 585.0 197.0 619.0 111.0 truck 0
621.0 119.0 584.0 214.0 538.0 196.0 576.0 101.0 truck 0
571.0 118.0 534.0 213.0 488.0 195.0 526.0 100.0 truck 0
525.0 124.0 478.0 214.0 434.0 192.0 481.0 101.0 truck 0
472.0 119.0 425.0 209.0 381.0 187.0 428.0 96.0 truck 0
423.0 106.0 373.0 204.0 330.0 183.0 381.0 84.0 truck 0
383.0 102.0 333.0 200.0 290.0 179.0 341.0 80.0 truck 0
333.0 90.0 283.0 188.0 240.0 167.0 291.0 68.0 truck 0
394.0 53.0 360.0 120.0 319.0 100.0 354.0 32.0 truck 0
459.0 33.0 404.0 117.0 357.0 87.0 412.0 3.0 truck 0
509.0 39.0 454.0 123.0 407.0 93.0 462.0 9.0 truck 0
559.0 43.0 504.0 127.0 457.0 97.0 512.0 13.0 truck 0
598.0 45.0 543.0 129.0 506.0 105.0 561.0 21.0 truck 0
636.0 48.0 581.0 132.0 544.0 108.0 599.0 24.0 truck 0
689.0 53.0 634.0 137.0 597.0 113.0 652.0 29.0 truck 0
732.0 58.0 677.0 142.0 640.0 118.0 695.0 34.0 truck 0
788.0 49.0 733.0 133.0 696.0 109.0 751.0 25.0 truck 0
832.0 56.0 777.0 140.0 740.0 116.0 795.0 32.0 truck 0
897.0 324.0 1023.0 325.0 1023.0 373.0 897.0 372.0 truck 0
878.0 363.0 1004.0 364.0 1004.0 412.0 878.0 411.0 truck 0
862.0 397.0 988.0 398.0 988.0 446.0 862.0 445.0 truck 0
852.0 431.0 977.0 444.0 972.0 493.0 847.0 479.0 truck 0
136.0 255.0 176.0 292.0 90.0 384.0 50.0 347.0 truck 0
86.0 246.0 125.0 283.0 39.0 375.0 0.0 338.0 truck 0
907.0 513.0 1094.0 533.0 1086.0 609.0 899.0 589.0 truck 2
690.0 808.0 804.0 845.0 746.0 1025.0 632.0 989.0 truck 2
236.0 418.0 426.0 428.0 421.0 521.0 231.0 512.0 truck 0
