78.0 17.0 91.0 17.0 91.0 45.0 78.0 45.0 motor 0
190.0 186.0 203.0 186.0 203.0 214.0 190.0 214.0 motor 0
250.0 907.0 207.0 918.0 185.0 835.0 228.0 824.0 car 0
35.0 394.0 3.0 405.0 -16.0 342.0 16.0 332.0 truck 2
263.0 37.0 311.0 97.0 266.0 133.0 219.0 72.0 truck 0
276.0 121.0 346.0 121.0 346.0 165.0 276.0 165.0 truck 0
359.0 155.0 321.0 203.0 294.0 181.0 332.0 133.0 truck 0
517.0 298.0 562.0 361.0 530.0 384.0 485.0 321.0 truck 0
609.0 306.0 587.0 362.0 554.0 348.0 575.0 293.0 truck 0
677.0 325.0 653.0 385.0 618.0 371.0 641.0 311.0 truck 0
741.0 287.0 714.0 356.0 678.0 341.0 704.0 273.0 truck 0
626.0 274.0 607.0 324.0 577.0 312.0 596.0 263.0 truck 0
663.0 276.0 642.0 328.0 614.0 316.0 634.0 265.0 truck 0
756.0 461.0 781.0 536.0 745.0 548.0 720.0 474.0 truck 0
704.0 442.0 726.0 493.0 688.0 510.0 665.0 458.0 truck 0
534.0 389.0 538.0 425.0 451.0 437.0 446.0 400.0 truck 0
524.0 368.0 530.0 404.0 442.0 417.0 437.0 381.0 truck 0
512.0 345.0 518.0 381.0 430.0 394.0 425.0 358.0 truck 0
502.0 324.0 508.0 360.0 420.0 373.0 415.0 337.0 truck 0
481.0 304.0 486.0 338.0 406.0 350.0 401.0 316.0 truck 0
473.0 288.0 478.0 322.0 398.0 334.0 393.0 300.0 truck 0
457.0 279.0 449.0 312.0 370.0 292.0 378.0 259.0 truck 0
447.0 261.0 439.0 294.0 360.0 274.0 368.0 241.0 truck 0
417.0 235.0 409.0 268.0 330.0 248.0 338.0 215.0 truck 0
475.0 250.0 466.0 282.0 402.0 265.0 410.0 233.0 truck 0
527.0 414.0 531.0 447.0 461.0 456.0 457.0 423.0 truck 0
540.0 434.0 544.0 468.0 464.0 478.0 459.0 444.0 truck 0
615.0 434.0 616.0 471.0 543.0 473.0 542.0 436.0 truck 0
622.0 458.0 623.0 493.0 548.0 495.0 547.0 460.0 truck 0
635.0 480.0 636.0 520.0 556.0 522.0 555.0 482.0 truck 0
544.0 462.0 545.0 494.0 468.0 496.0 468.0 464.0 truck 0
557.0 485.0 558.0 518.0 477.0 520.0 476.0 487.0 truck 0
564.0 506.0 565.0 539.0 484.0 541.0 483.0 508.0 truck 0
576.0 529.0 577.0 562.0 496.0 564.0 495.0 531.0 truck 0
576.0 551.0 581.0 583.0 499.0 594.0 495.0 561.0 truck 0
653.0 500.0 658.0 532.0 576.0 543.0 572.0 510.0 truck 0
654.0 522.0 658.0 555.0 587.0 564.0 583.0 531.0 truck 0
686.0 546.0 687.0 595.0 592.0 597.0 591.0 548.0 truck 0
599.0 574.0 600.0 616.0 510.0 618.0 509.0 576.0 truck 0
605.0 595.0 606.0 641.0 516.0 643.0 515.0 597.0 truck 0
627.0 621.0 630.0 664.0 531.0 671.0 528.0 628.0 truck 0
626.0 646.0 629.0 691.0 535.0 698.0 532.0 652.0 truck 0
654.0 678.0 657.0 725.0 548.0 733.0 545.0 685.0 truck 0
654.0 706.0 657.0 752.0 560.0 759.0 557.0 712.0 truck 0
701.0 597.0 702.0 636.0 607.0 638.0 606.0 599.0 truck 0
720.0 623.0 721.0 661.0 635.0 663.0 634.0 625.0 truck 0
735.0 649.0 736.0 692.0 638.0 695.0 637.0 652.0 truck 0
755.0 678.0 758.0 722.0 653.0 729.0 650.0 685.0 truck 0
772.0 707.0 775.0 751.0 670.0 758.0 667.0 714.0 truck 0
854.0 513.0 893.0 535.0 846.0 617.0 807.0 594.0 truck 0
897.0 545.0 928.0 563.0 886.0 635.0 855.0 617.0 truck 0
931.0 553.0 966.0 571.0 929.0 641.0 894.0 622.0 truck 0
972.0 568.0 1009.0 587.0 971.0 659.0 934.0 639.0 truck 0
975.0 638.0 957.0 690.0 855.0 656.0 872.0 604.0 truck 0
935.0 693.0 928.0 792.0 879.0 789.0 886.0 689.0 truck 0
991.0 701.0 972.0 808.0 927.0 800.0 945.0 693.0 truck 0
1037.0 715.0 1030.0 813.0 987.0 810.0 994.0 712.0 truck 2
1087.0 810.0 1068.0 883.0 934.0 848.0 952.0 775.0 truck 2
671.0 740.0 677.0 778.0 575.0 795.0 569.0 757.0 truck 0
796.0 742.0 804.0 822.0 590.0 843.0 582.0 764.0 truck 0
792.0 786.0 799.0 873.0 608.0 888.0 601.0 801.0 truck 0
817.0 831.0 824.0 910.0 623.0 930.0 615.0 851.0 truck 0
836.0 885.0 847.0 977.0 648.0 1002.0 636.0 910.0 truck 0
862.0 950.0 873.0 1029.0 677.0 1054.0 667.0 975.0 truck 2
856.0 890.0 821.0 901.0 799.0 830.0 833.0 819.0 car 0
897.0 968.0 856.0 985.0 825.0 912.0 865.0 895.0 car 0
801.0 381.0 853.0 404.0 840.0 437.0 787.0 414.0 tricycle 0
523.0 -11.0 541.0 13.0 507.0 40.0 488.0 17.0 car 2
555.0 5.0 573.0 29.0 539.0 56.0 520.0 33.0 car 0
