-10.0 617.0 36.0 617.0 36.0 633.0 -10.0 633.0 car 2
-11.0 376.0 27.0 380.0 21.0 434.0 -16.0 431.0 ignored 2
52.0 526.0 69.0 526.0 69.0 548.0 52.0 548.0 car 0
56.0 496.0 71.0 500.0 67.0 523.0 51.0 520.0 car 0
54.0 398.0 70.0 398.0 70.0 418.0 54.0 418.0 car 0
43.0 47.0 66.0 47.0 66.0 150.0 43.0 150.0 ignored 0
42.0 166.0 75.0 168.0 69.0 315.0 36.0 313.0 ignored 0
13.0 60.0 25.0 61.0 17.0 141.0 5.0 139.0 ignored 0
5.0 243.0 19.0 243.0 19.0 259.0 5.0 259.0 car 0
63.0 362.0 76.0 362.0 76.0 375.0 63.0 375.0 motor 0
182.0 424.0 201.0 424.0 201.0 449.0 182.0 449.0 car 0
175.0 631.0 245.0 631.0 245.0 660.0 175.0 660.0 traffic-sign 0
125.0 837.0 175.0 837.0 175.0 857.0 125.0 857.0 traffic-sign 0
156.0 824.0 164.0 824.0 164.0 837.0 156.0 837.0 people 0
126.0 685.0 141.0 685.0 141.0 709.0 126.0 709.0 tricycle 0
85.0 754.0 95.0 754.0 95.0 776.0 85.0 776.0 people 0
87.0 853.0 96.0 853.0 96.0 873.0 87.0 873.0 motor 0
74.0 846.0 82.0 846.0 82.0 860.0 74.0 860.0 motor 0
132.0 56.0 143.0 56.0 143.0 68.0 132.0 68.0 car 0
131.0 17.0 142.0 17.0 142.0 27.0 131.0 27.0 car 0
191.0 22.0 200.0 22.0 200.0 33.0 191.0 33.0 car 0
223.0 102.0 235.0 102.0 235.0 116.0 223.0 116.0 car 0
149.0 59.0 159.0 59.0 159.0 68.0 149.0 68.0 car 0
152.0 75.0 163.0 75.0 163.0 88.0 152.0 88.0 car 0
152.0 92.0 164.0 92.0 164.0 102.0 152.0 102.0 car 0
144.0 123.0 155.0 123.0 155.0 134.0 144.0 134.0 car 0
82.0 136.0 95.0 136.0 95.0 147.0 82.0 147.0 car 0
142.0 133.0 151.0 133.0 151.0 148.0 142.0 148.0 truck 0
150.0 176.0 162.0 176.0 162.0 190.0 150.0 190.0 truck 0
152.0 207.0 165.0 207.0 165.0 223.0 152.0 223.0 truck 0
170.0 195.0 182.0 195.0 182.0 210.0 170.0 210.0 truck 0
157.0 158.0 169.0 158.0 169.0 172.0 157.0 172.0 car 0
165.0 178.0 181.0 178.0 181.0 191.0 165.0 191.0 car 0
134.0 193.0 148.0 193.0 148.0 205.0 134.0 205.0 car 0
153.0 193.0 169.0 193.0 169.0 206.0 153.0 206.0 car 0
235.0 206.0 249.0 206.0 249.0 218.0 235.0 218.0 car 0
268.0 282.0 276.0 282.0 276.0 298.0 268.0 298.0 people 0
280.0 295.0 288.0 295.0 288.0 306.0 280.0 306.0 motor 0
229.0 305.0 246.0 305.0 246.0 319.0 229.0 319.0 motor 0
184.0 297.0 200.0 297.0 200.0 315.0 184.0 315.0 car 0
121.0 343.0 100.0 357.0 90.0 343.0 111.0 328.0 car 0
494.0 502.0 453.0 514.0 430.0 440.0 471.0 427.0 ignored 0
383.0 265.0 356.0 276.0 348.0 256.0 375.0 245.0 ignored 0
492.0 339.0 454.0 350.0 426.0 261.0 465.0 249.0 ignored 0
545.0 432.0 510.0 450.0 459.0 354.0 494.0 335.0 ignored 0
593.0 493.0 555.0 509.0 526.0 439.0 565.0 423.0 ignored 0
453.0 425.0 436.0 433.0 382.0 314.0 399.0 306.0 ignored 0
415.0 241.0 361.0 257.0 355.0 236.0 409.0 220.0 ignored 0
484.0 246.0 434.0 261.0 430.0 247.0 479.0 232.0 ignored 0
429.0 225.0 443.0 225.0 443.0 239.0 429.0 239.0 car 0
330.0 209.0 359.0 209.0 359.0 221.0 330.0 221.0 car 0
360.0 208.0 391.0 208.0 391.0 221.0 360.0 221.0 car 0
397.0 208.0 428.0 208.0 428.0 221.0 397.0 221.0 car 0
433.0 207.0 467.0 207.0 467.0 218.0 433.0 218.0 car 0
467.0 205.0 489.0 205.0 489.0 217.0 467.0 217.0 car 0
647.0 782.0 598.0 803.0 551.0 695.0 600.0 673.0 ignored 0
605.0 792.0 664.0 792.0 664.0 810.0 605.0 810.0 car 0
771.0 767.0 718.0 790.0 678.0 699.0 732.0 675.0 ignored 0
711.0 881.0 686.0 894.0 667.0 860.0 693.0 846.0 car 0
720.0 918.0 697.0 928.0 683.0 895.0 706.0 885.0 car 0
742.0 955.0 716.0 967.0 702.0 935.0 729.0 924.0 car 0
760.0 984.0 736.0 998.0 717.0 964.0 742.0 951.0 car 0
777.0 1025.0 753.0 1035.0 736.0 995.0 761.0 985.0 car 2
895.0 979.0 831.0 983.0 830.0 953.0 894.0 950.0 car 0
415.0 507.0 435.0 507.0 435.0 526.0 415.0 526.0 car 0
615.0 535.0 680.0 535.0 680.0 582.0 615.0 582.0 ignored 0
586.0 603.0 596.0 603.0 596.0 616.0 586.0 616.0 motor 0
600.0 603.0 611.0 603.0 611.0 619.0 600.0 619.0 motor 0
619.0 600.0 631.0 600.0 631.0 617.0 619.0 617.0 motor 0
634.0 599.0 646.0 599.0 646.0 618.0 634.0 618.0 motor 0
650.0 591.0 699.0 591.0 699.0 613.0 650.0 613.0 ignored 0
644.0 654.0 661.0 654.0 661.0 668.0 644.0 668.0 motor 0
594.0 650.0 607.0 650.0 607.0 665.0 594.0 665.0 motor 0
665.0 651.0 674.0 651.0 674.0 675.0 665.0 675.0 motor 0
670.0 654.0 686.0 654.0 686.0 665.0 670.0 665.0 motor 0
694.0 660.0 712.0 660.0 712.0 673.0 694.0 673.0 motor 0
730.0 658.0 741.0 658.0 741.0 673.0 730.0 673.0 motor 0
741.0 660.0 749.0 660.0 749.0 674.0 741.0 674.0 motor 0
757.0 657.0 765.0 657.0 765.0 674.0 757.0 674.0 motor 0
766.0 657.0 777.0 657.0 777.0 673.0 766.0 673.0 motor 0
413.0 605.0 434.0 605.0 434.0 623.0 413.0 623.0 motor 0
541.0 802.0 548.0 802.0 548.0 818.0 541.0 818.0 people 0
553.0 799.0 563.0 799.0 563.0 815.0 553.0 815.0 people 0
736.0 775.0 769.0 775.0 769.0 793.0 736.0 793.0 tricycle 0
754.0 718.0 774.0 718.0 774.0 733.0 754.0 733.0 motor 0
740.0 687.0 753.0 687.0 753.0 703.0 740.0 703.0 motor 0
748.0 806.0 800.0 806.0 800.0 829.0 748.0 829.0 car 0
751.0 825.0 806.0 825.0 806.0 844.0 751.0 844.0 car 0
758.0 835.0 814.0 835.0 814.0 857.0 758.0 857.0 car 0
777.0 849.0 834.0 849.0 834.0 870.0 777.0 870.0 car 0
885.0 949.0 828.0 973.0 791.0 889.0 849.0 865.0 ignored 0
886.0 990.0 910.0 990.0 910.0 1008.0 886.0 1008.0 motor 0
