384.0 440.0 414.0 440.0 414.0 495.0 384.0 495.0 truck 0
431.0 819.0 461.0 819.0 461.0 874.0 431.0 874.0 truck 0
490.0 782.0 516.0 782.0 516.0 819.0 490.0 819.0 car 0
437.0 383.0 463.0 383.0 463.0 420.0 437.0 420.0 car 0
391.0 375.0 417.0 375.0 417.0 412.0 391.0 412.0 car 0
419.0 431.0 445.0 431.0 445.0 468.0 419.0 468.0 car 0
457.0 478.0 483.0 478.0 483.0 515.0 457.0 515.0 car 0
422.0 517.0 448.0 517.0 448.0 554.0 422.0 554.0 car 0
460.0 528.0 486.0 528.0 486.0 565.0 460.0 565.0 car 0
451.0 623.0 477.0 623.0 477.0 660.0 451.0 660.0 car 0
414.0 682.0 440.0 682.0 440.0 719.0 414.0 719.0 car 0
423.0 747.0 449.0 747.0 449.0 784.0 423.0 784.0 car 0
391.0 898.0 417.0 898.0 417.0 935.0 391.0 935.0 car 0
267.0 90.0 636.0 90.0 636.0 367.0 267.0 367.0 ignored 0
