281.0 723.0 354.0 723.0 354.0 749.0 281.0 749.0 bicycle 0
219.0 868.0 292.0 868.0 292.0 894.0 219.0 894.0 bicycle 0
264.0 776.0 337.0 776.0 337.0 802.0 264.0 802.0 bicycle 0
240.0 821.0 313.0 821.0 313.0 847.0 240.0 847.0 bicycle 0
271.0 750.0 344.0 750.0 344.0 776.0 271.0 776.0 bicycle 0
248.0 790.0 321.0 790.0 321.0 816.0 248.0 816.0 bicycle 0
214.0 897.0 287.0 897.0 287.0 923.0 214.0 923.0 bicycle 0
212.0 920.0 285.0 920.0 285.0 946.0 212.0 946.0 bicycle 0
207.0 935.0 280.0 935.0 280.0 961.0 207.0 961.0 bicycle 0
204.0 954.0 277.0 954.0 277.0 980.0 204.0 980.0 bicycle 0
189.0 988.0 262.0 988.0 262.0 1014.0 189.0 1014.0 bicycle 0
421.0 722.0 469.0 737.0 437.0 841.0 389.0 825.0 tricycle 0
639.0 688.0 569.0 702.0 540.0 558.0 610.0 544.0 truck 0
685.0 116.0 738.0 116.0 738.0 165.0 685.0 165.0 motor 0
559.0 275.0 612.0 275.0 612.0 324.0 559.0 324.0 motor 0
647.0 37.0 704.0 51.0 683.0 133.0 626.0 118.0 car 0
293.0 619.0 263.0 635.0 236.0 586.0 266.0 570.0 motor 0
169.0 660.0 222.0 660.0 222.0 709.0 169.0 709.0 motor 0
143.0 795.0 197.0 812.0 187.0 845.0 132.0 828.0 motor 0
143.0 827.0 169.0 878.0 138.0 894.0 112.0 843.0 motor 0
