12.0 -21.0 168.0 113.0 111.0 180.0 -45.0 45.0 car 2
388.0 -19.0 433.0 19.0 423.0 30.0 378.0 -8.0 bicycle 2
374.0 -14.0 433.0 36.0 417.0 55.0 358.0 5.0 bicycle 2
363.0 1.0 422.0 51.0 406.0 70.0 347.0 20.0 bicycle 0
361.0 16.0 414.0 70.0 396.0 88.0 343.0 33.0 bicycle 0
344.0 38.0 392.0 71.0 382.0 86.0 334.0 53.0 bicycle 0
330.0 64.0 391.0 105.0 382.0 117.0 322.0 76.0 bicycle 0
321.0 73.0 388.0 118.0 374.0 137.0 308.0 92.0 bicycle 0
320.0 89.0 376.0 137.0 360.0 155.0 304.0 108.0 bicycle 0
305.0 93.0 363.0 143.0 349.0 158.0 291.0 109.0 bicycle 0
298.0 106.0 356.0 156.0 339.0 176.0 281.0 126.0 bicycle 0
286.0 122.0 344.0 172.0 327.0 192.0 269.0 142.0 bicycle 0
284.0 144.0 337.0 199.0 318.0 217.0 265.0 163.0 bicycle 0
251.0 155.0 309.0 204.0 291.0 225.0 233.0 176.0 bicycle 0
242.0 172.0 305.0 215.0 288.0 238.0 226.0 195.0 bicycle 0
225.0 177.0 288.0 220.0 271.0 243.0 209.0 200.0 bicycle 0
209.0 192.0 272.0 235.0 255.0 258.0 193.0 215.0 bicycle 0
197.0 213.0 244.0 245.0 231.0 263.0 185.0 231.0 bicycle 0
184.0 219.0 242.0 268.0 224.0 289.0 166.0 240.0 bicycle 0
166.0 229.0 219.0 273.0 204.0 290.0 152.0 246.0 bicycle 0
187.0 260.0 240.0 304.0 225.0 321.0 173.0 277.0 bicycle 0
107.0 328.0 161.0 366.0 147.0 386.0 93.0 349.0 bicycle 0
100.0 337.0 150.0 380.0 134.0 399.0 84.0 356.0 bicycle 0
125.0 307.0 175.0 350.0 159.0 369.0 109.0 326.0 bicycle 0
133.0 602.0 190.0 651.0 175.0 669.0 118.0 620.0 bicycle 0
85.0 583.0 148.0 636.0 129.0 660.0 66.0 606.0 bicycle 0
103.0 565.0 157.0 610.0 138.0 634.0 84.0 588.0 bicycle 0
140.0 553.0 165.0 619.0 137.0 630.0 112.0 564.0 bicycle 0
130.0 540.0 184.0 585.0 165.0 609.0 111.0 563.0 bicycle 0
140.0 529.0 198.0 569.0 186.0 585.0 128.0 546.0 bicycle 0
148.0 508.0 213.0 553.0 199.0 574.0 133.0 529.0 bicycle 0
177.0 514.0 238.0 556.0 226.0 573.0 165.0 531.0 bicycle 0
168.0 494.0 228.0 526.0 217.0 548.0 157.0 515.0 bicycle 0
178.0 469.0 241.0 518.0 227.0 538.0 163.0 488.0 bicycle 0
189.0 454.0 252.0 503.0 238.0 523.0 174.0 473.0 bicycle 0
208.0 439.0 270.0 491.0 255.0 509.0 192.0 458.0 bicycle 0
218.0 435.0 289.0 482.0 277.0 500.0 207.0 452.0 bicycle 0
233.0 416.0 299.0 461.0 283.0 485.0 217.0 440.0 bicycle 0
251.0 398.0 315.0 441.0 302.0 462.0 237.0 418.0 bicycle 0
260.0 381.0 323.0 423.0 307.0 448.0 243.0 405.0 bicycle 0
273.0 374.0 336.0 426.0 324.0 440.0 261.0 388.0 bicycle 0
291.0 375.0 354.0 427.0 342.0 441.0 279.0 389.0 bicycle 0
297.0 359.0 351.0 414.0 335.0 431.0 280.0 376.0 bicycle 0
314.0 341.0 357.0 406.0 333.0 421.0 291.0 357.0 bicycle 0
328.0 343.0 384.0 389.0 373.0 403.0 317.0 356.0 bicycle 0
333.0 323.0 377.0 367.0 360.0 385.0 316.0 340.0 bicycle 0
341.0 310.0 391.0 371.0 372.0 387.0 322.0 325.0 bicycle 0
355.0 293.0 397.0 360.0 377.0 373.0 334.0 306.0 bicycle 0
365.0 278.0 410.0 335.0 394.0 347.0 349.0 291.0 bicycle 0
374.0 259.0 421.0 332.0 398.0 347.0 351.0 274.0 bicycle 0
388.0 243.0 423.0 311.0 399.0 323.0 365.0 255.0 bicycle 0
401.0 228.0 438.0 302.0 413.0 314.0 376.0 241.0 bicycle 0
403.0 210.0 447.0 279.0 423.0 295.0 379.0 226.0 bicycle 0
415.0 199.0 468.0 254.0 450.0 272.0 397.0 216.0 bicycle 0
429.0 187.0 482.0 242.0 464.0 260.0 411.0 204.0 bicycle 0
444.0 186.0 507.0 230.0 493.0 250.0 430.0 207.0 bicycle 0
454.0 162.0 502.0 223.0 483.0 238.0 435.0 178.0 bicycle 0
473.0 150.0 540.0 187.0 528.0 209.0 461.0 172.0 bicycle 0
487.0 128.0 540.0 183.0 522.0 201.0 469.0 145.0 bicycle 0
502.0 111.0 573.0 142.0 561.0 170.0 490.0 140.0 bicycle 0
511.0 94.0 583.0 125.0 573.0 149.0 500.0 118.0 bicycle 0
497.0 126.0 567.0 164.0 554.0 187.0 485.0 149.0 bicycle 0
543.0 69.0 617.0 85.0 607.0 135.0 532.0 120.0 bicycle 0
545.0 17.0 624.0 25.0 619.0 71.0 540.0 64.0 bicycle 0
909.0 390.0 875.0 456.0 841.0 439.0 875.0 373.0 bicycle 0
894.0 355.0 860.0 421.0 826.0 404.0 860.0 338.0 bicycle 0
852.0 315.0 847.0 389.0 809.0 386.0 814.0 312.0 bicycle 0
826.0 307.0 797.0 383.0 768.0 371.0 798.0 295.0 bicycle 0
800.0 292.0 771.0 368.0 742.0 356.0 772.0 280.0 bicycle 0
783.0 291.0 733.0 342.0 715.0 325.0 765.0 273.0 bicycle 0
773.0 279.0 713.0 329.0 693.0 305.0 753.0 255.0 bicycle 0
763.0 252.0 703.0 302.0 683.0 278.0 743.0 228.0 bicycle 0
724.0 232.0 684.0 294.0 668.0 284.0 708.0 222.0 bicycle 0
709.0 228.0 656.0 295.0 640.0 283.0 693.0 216.0 bicycle 0
698.0 217.0 636.0 281.0 621.0 267.0 684.0 202.0 bicycle 0
691.0 221.0 624.0 278.0 605.0 255.0 671.0 199.0 bicycle 0
703.0 317.0 626.0 332.0 619.0 300.0 697.0 284.0 bicycle 0
479.0 406.0 539.0 439.0 531.0 454.0 471.0 421.0 bicycle 0
477.0 421.0 534.0 459.0 525.0 474.0 468.0 435.0 bicycle 0
460.0 425.0 517.0 463.0 508.0 478.0 451.0 439.0 bicycle 0
450.0 438.0 507.0 476.0 498.0 491.0 441.0 452.0 bicycle 0
427.0 457.0 484.0 495.0 475.0 510.0 418.0 471.0 bicycle 0
415.0 470.0 472.0 508.0 463.0 523.0 406.0 484.0 bicycle 0
410.0 481.0 463.0 526.0 452.0 539.0 399.0 495.0 bicycle 0
405.0 497.0 456.0 551.0 440.0 567.0 388.0 513.0 bicycle 0
394.0 529.0 445.0 572.0 427.0 594.0 376.0 551.0 bicycle 0
363.0 529.0 423.0 592.0 402.0 613.0 341.0 551.0 bicycle 0
347.0 584.0 393.0 632.0 374.0 650.0 328.0 603.0 bicycle 0
331.0 599.0 369.0 639.0 351.0 656.0 312.0 617.0 bicycle 0
303.0 606.0 348.0 653.0 335.0 665.0 289.0 619.0 bicycle 0
295.0 622.0 345.0 664.0 333.0 679.0 283.0 637.0 bicycle 0
408.0 488.0 355.0 543.0 330.0 519.0 383.0 464.0 bicycle 0
129.0 800.0 192.0 819.0 185.0 844.0 121.0 825.0 bicycle 0
165.0 766.0 202.0 812.0 189.0 823.0 152.0 776.0 bicycle 0
192.0 769.0 231.0 818.0 216.0 831.0 177.0 781.0 bicycle 0
