456.0 833.0 432.0 835.0 427.0 781.0 451.0 779.0 people 0
470.0 797.0 448.0 798.0 444.0 747.0 466.0 745.0 people 0
526.0 908.0 506.0 909.0 502.0 860.0 522.0 858.0 people 0
531.0 592.0 546.0 595.0 537.0 640.0 522.0 636.0 motor 0
316.0 461.0 403.0 500.0 338.0 645.0 251.0 607.0 truck 0
783.0 444.0 853.0 459.0 818.0 621.0 749.0 606.0 bus 0
43.0 380.0 144.0 380.0 144.0 435.0 43.0 435.0 car 0
408.0 438.0 281.0 439.0 280.0 385.0 408.0 384.0 car 0
232.0 530.0 194.0 620.0 138.0 596.0 176.0 506.0 car 0
305.0 516.0 261.0 619.0 210.0 597.0 253.0 494.0 car 0
966.0 611.0 952.0 748.0 887.0 741.0 901.0 605.0 car 0
992.0 284.0 985.0 377.0 934.0 373.0 940.0 280.0 car 0
783.0 327.0 875.0 393.0 842.0 440.0 750.0 373.0 car 0
750.0 240.0 847.0 292.0 821.0 339.0 725.0 288.0 car 0
819.0 182.0 914.0 233.0 890.0 277.0 795.0 227.0 car 0
825.0 66.0 737.0 102.0 720.0 61.0 809.0 25.0 car 0
1019.0 -18.0 1019.0 62.0 971.0 62.0 971.0 -18.0 car 2
650.0 92.0 663.0 95.0 658.0 119.0 646.0 116.0 motor 0
649.0 80.0 668.0 80.0 668.0 97.0 649.0 97.0 people 0
504.0 114.0 407.0 116.0 407.0 75.0 504.0 74.0 car 0
385.0 114.0 271.0 115.0 271.0 72.0 385.0 71.0 car 0
388.0 379.0 360.0 380.0 359.0 337.0 387.0 337.0 people 0
39.0 268.0 159.0 268.0 159.0 313.0 39.0 313.0 ignored 0
183.0 268.0 316.0 268.0 316.0 317.0 183.0 317.0 ignored 0
385.0 264.0 474.0 264.0 474.0 314.0 385.0 314.0 ignored 0
352.0 269.0 367.0 275.0 352.0 310.0 338.0 304.0 motor 0
369.0 269.0 385.0 280.0 363.0 312.0 347.0 301.0 bicycle 0
373.0 691.0 432.0 691.0 432.0 714.0 373.0 714.0 bicycle 0
424.0 518.0 485.0 537.0 437.0 692.0 376.0 673.0 ignored 0
-18.0 66.0 43.0 66.0 43.0 117.0 -18.0 117.0 car 2
614.0 24.0 649.0 24.0 649.0 47.0 614.0 47.0 bicycle 0
666.0 29.0 653.0 32.0 647.0 2.0 660.0 0.0 people 0
645.0 25.0 630.0 27.0 627.0 0.0 643.0 -1.0 people 2
83.0 44.0 505.0 44.0 505.0 76.0 83.0 76.0 ignored 0
565.0 11.0 615.0 11.0 615.0 46.0 565.0 46.0 ignored 0
9.0 48.0 82.0 48.0 82.0 69.0 9.0 69.0 ignored 0
