362.0 19.0 207.0 35.0 203.0 0.0 358.0 -15.0 bicycle 2
363.0 52.0 208.0 68.0 204.0 33.0 359.0 18.0 bicycle 0
363.0 94.0 208.0 110.0 204.0 75.0 359.0 60.0 bicycle 0
359.0 129.0 204.0 145.0 200.0 110.0 355.0 95.0 bicycle 0
359.0 169.0 204.0 185.0 200.0 150.0 355.0 135.0 bicycle 0
359.0 202.0 204.0 218.0 200.0 183.0 355.0 168.0 bicycle 0
359.0 239.0 204.0 255.0 200.0 220.0 355.0 205.0 bicycle 0
357.0 484.0 202.0 500.0 198.0 465.0 353.0 450.0 motor 0
362.0 544.0 207.0 555.0 205.0 520.0 360.0 509.0 motor 0
206.0 573.0 362.0 578.0 361.0 613.0 205.0 608.0 motor 0
360.0 811.0 205.0 822.0 203.0 787.0 358.0 776.0 motor 0
159.0 665.0 355.0 671.0 354.0 715.0 158.0 710.0 motor 0
