926.0 171.0 952.0 217.0 831.0 284.0 805.0 237.0 car 0
637.0 67.0 613.0 71.0 604.0 28.0 628.0 24.0 traffic-light 0
680.0 76.0 662.0 79.0 653.0 37.0 672.0 34.0 traffic-light 0
673.0 341.0 650.0 346.0 641.0 299.0 664.0 295.0 traffic-light 0
706.0 362.0 680.0 368.0 668.0 311.0 694.0 306.0 traffic-light 0
788.0 434.0 764.0 439.0 753.0 387.0 777.0 382.0 traffic-light 0
913.0 945.0 945.0 945.0 945.0 1003.0 913.0 1003.0 people 0
959.0 938.0 991.0 938.0 991.0 1014.0 959.0 1014.0 people 0
924.0 955.0 958.0 1006.0 937.0 1020.0 904.0 968.0 bicycle 0
984.0 952.0 1006.0 1009.0 983.0 1018.0 961.0 961.0 bicycle 0
