470.0 1029.0 448.0 1030.0 444.0 979.0 466.0 977.0 people 2
531.0 824.0 546.0 827.0 537.0 872.0 522.0 868.0 motor 0
316.0 693.0 403.0 732.0 338.0 877.0 251.0 839.0 truck 0
783.0 676.0 853.0 691.0 818.0 853.0 749.0 838.0 bus 0
43.0 612.0 144.0 612.0 144.0 667.0 43.0 667.0 car 0
408.0 670.0 281.0 671.0 280.0 617.0 408.0 616.0 car 0
232.0 762.0 194.0 852.0 138.0 828.0 176.0 738.0 car 0
305.0 748.0 261.0 851.0 210.0 829.0 253.0 726.0 car 0
966.0 843.0 952.0 980.0 887.0 973.0 901.0 837.0 car 0
992.0 516.0 985.0 609.0 934.0 605.0 940.0 512.0 car 0
783.0 559.0 875.0 625.0 842.0 672.0 750.0 605.0 car 0
750.0 472.0 847.0 524.0 821.0 571.0 725.0 520.0 car 0
819.0 414.0 914.0 465.0 890.0 509.0 795.0 459.0 car 0
825.0 298.0 737.0 334.0 720.0 293.0 809.0 257.0 car 0
1019.0 214.0 1019.0 294.0 971.0 294.0 971.0 214.0 car 0
864.0 147.0 935.0 207.0 902.0 246.0 832.0 186.0 car 0
970.0 25.0 965.0 80.0 929.0 77.0 934.0 22.0 car 0
650.0 324.0 663.0 327.0 658.0 351.0 646.0 348.0 motor 0
649.0 312.0 668.0 312.0 668.0 329.0 649.0 329.0 people 0
504.0 346.0 407.0 348.0 407.0 307.0 504.0 306.0 car 0
385.0 346.0 271.0 347.0 271.0 304.0 385.0 303.0 car 0
232.0 68.0 284.0 111.0 260.0 141.0 208.0 97.0 car 0
310.0 44.0 382.0 80.0 365.0 113.0 294.0 76.0 car 0
366.0 24.0 416.0 63.0 392.0 94.0 342.0 55.0 car 0
637.0 110.0 547.0 111.0 546.0 73.0 637.0 71.0 car 0
660.0 64.0 584.0 83.0 575.0 47.0 652.0 29.0 car 0
664.0 40.0 583.0 60.0 574.0 25.0 655.0 4.0 car 0
654.0 10.0 592.0 34.0 582.0 7.0 645.0 -16.0 car 2
388.0 611.0 360.0 612.0 359.0 569.0 387.0 569.0 people 0
39.0 500.0 159.0 500.0 159.0 545.0 39.0 545.0 ignored 0
183.0 500.0 316.0 500.0 316.0 549.0 183.0 549.0 ignored 0
385.0 496.0 474.0 496.0 474.0 546.0 385.0 546.0 ignored 0
352.0 501.0 367.0 507.0 352.0 542.0 338.0 536.0 motor 0
369.0 501.0 385.0 512.0 363.0 544.0 347.0 533.0 bicycle 0
373.0 923.0 432.0 923.0 432.0 946.0 373.0 946.0 bicycle 0
424.0 750.0 485.0 769.0 437.0 924.0 376.0 905.0 ignored 0
-18.0 298.0 43.0 298.0 43.0 349.0 -18.0 349.0 car 2
614.0 256.0 649.0 256.0 649.0 279.0 614.0 279.0 bicycle 0
666.0 261.0 653.0 264.0 647.0 234.0 660.0 232.0 people 0
668.0 225.0 655.0 227.0 652.0 197.0 665.0 195.0 people 0
647.0 155.0 637.0 156.0 634.0 125.0 644.0 123.0 people 0
658.0 198.0 647.0 199.0 644.0 170.0 656.0 168.0 people 0
607.0 192.0 617.0 192.0 617.0 222.0 607.0 222.0 people 0
647.0 214.0 636.0 217.0 629.0 184.0 641.0 182.0 people 0
643.0 228.0 634.0 229.0 631.0 198.0 640.0 197.0 people 0
645.0 257.0 630.0 259.0 627.0 232.0 643.0 231.0 people 0
129.0 179.0 90.0 191.0 82.0 166.0 122.0 154.0 car 0
-22.0 105.0 51.0 105.0 51.0 134.0 -22.0 134.0 ignored 2
83.0 276.0 505.0 276.0 505.0 308.0 83.0 308.0 ignored 0
143.0 169.0 179.0 180.0 171.0 206.0 135.0 195.0 car 0
148.0 135.0 185.0 138.0 182.0 166.0 145.0 163.0 car 0
565.0 243.0 615.0 243.0 615.0 278.0 565.0 278.0 ignored 0
9.0 280.0 82.0 280.0 82.0 301.0 9.0 301.0 ignored 0
