169.0 616.0 71.0 626.0 47.0 413.0 145.0 403.0 car 0
469.0 617.0 372.0 637.0 328.0 428.0 424.0 408.0 car 0
567.0 620.0 475.0 630.0 453.0 432.0 545.0 422.0 car 0
685.0 604.0 595.0 623.0 553.0 428.0 644.0 409.0 car 0
837.0 529.0 742.0 539.0 719.0 338.0 815.0 327.0 car 0
1023.0 535.0 952.0 542.0 927.0 313.0 998.0 305.0 car 0
819.0 270.0 718.0 282.0 695.0 78.0 797.0 67.0 car 0
601.0 663.0 660.0 663.0 660.0 702.0 601.0 702.0 people 0
878.0 448.0 936.0 448.0 936.0 495.0 878.0 495.0 people 0
316.0 757.0 369.0 757.0 369.0 799.0 316.0 799.0 people 0
231.0 884.0 275.0 884.0 275.0 920.0 231.0 920.0 people 0
411.0 282.0 464.0 282.0 464.0 316.0 411.0 316.0 people 0
287.0 -11.0 344.0 -11.0 344.0 22.0 287.0 22.0 people 2
280.0 379.0 242.0 427.0 211.0 403.0 250.0 354.0 bicycle 0
313.0 358.0 235.0 374.0 230.0 349.0 308.0 333.0 motor 0
302.0 338.0 223.0 346.0 220.0 320.0 300.0 312.0 motor 0
310.0 196.0 225.0 204.0 222.0 177.0 308.0 168.0 motor 0
294.0 248.0 223.0 255.0 219.0 224.0 291.0 217.0 motor 0
297.0 164.0 226.0 171.0 222.0 140.0 294.0 133.0 motor 0
300.0 132.0 218.0 140.0 214.0 108.0 297.0 100.0 motor 0
219.0 75.0 275.0 81.0 272.0 111.0 215.0 106.0 motor 0
304.0 279.0 256.0 293.0 248.0 267.0 296.0 253.0 bicycle 0
214.0 280.0 276.0 286.0 273.0 310.0 212.0 303.0 bicycle 0
223.0 58.0 310.0 58.0 310.0 84.0 223.0 84.0 motor 0
