197.0 244.0 227.0 244.0 227.0 270.0 197.0 270.0 people 0
315.0 213.0 371.0 213.0 371.0 240.0 315.0 240.0 people 0
398.0 186.0 454.0 186.0 454.0 213.0 398.0 213.0 people 0
307.0 252.0 363.0 252.0 363.0 279.0 307.0 279.0 people 0
292.0 302.0 255.0 327.0 234.0 296.0 270.0 271.0 people 0
316.0 359.0 372.0 359.0 372.0 386.0 316.0 386.0 people 0
180.0 525.0 234.0 539.0 227.0 565.0 173.0 551.0 people 0
141.0 494.0 176.0 503.0 169.0 526.0 135.0 517.0 people 0
246.0 117.0 296.0 117.0 296.0 137.0 246.0 137.0 people 0
269.0 159.0 319.0 159.0 319.0 179.0 269.0 179.0 people 0
242.0 206.0 292.0 206.0 292.0 226.0 242.0 226.0 people 0
151.0 575.0 197.0 595.0 190.0 613.0 144.0 594.0 people 0
143.0 528.0 194.0 550.0 182.0 576.0 132.0 555.0 people 0
152.0 382.0 11.0 396.0 5.0 330.0 146.0 316.0 bus 0
12.0 447.0 153.0 447.0 153.0 513.0 12.0 513.0 bus 0
3.0 545.0 111.0 545.0 111.0 616.0 3.0 616.0 bus 0
110.0 681.0 3.0 692.0 -4.0 621.0 103.0 610.0 bus 2
-1.0 678.0 106.0 689.0 99.0 760.0 -8.0 749.0 bus 2
50.0 889.0 119.0 889.0 119.0 998.0 50.0 998.0 bus 0
329.0 1050.0 268.0 1069.0 240.0 978.0 301.0 959.0 bus 2
400.0 1039.0 341.0 1064.0 304.0 977.0 363.0 952.0 bus 2
453.0 1021.0 392.0 1040.0 364.0 949.0 425.0 930.0 bus 2
511.0 1021.0 438.0 1036.0 410.0 899.0 484.0 884.0 bus 2
306.0 958.0 233.0 973.0 205.0 836.0 279.0 821.0 bus 0
240.0 990.0 160.0 1005.0 134.0 861.0 214.0 847.0 bus 0
363.0 890.0 292.0 905.0 270.0 795.0 341.0 780.0 bus 0
429.0 903.0 367.0 915.0 348.0 818.0 409.0 805.0 bus 0
482.0 863.0 406.0 871.0 395.0 765.0 472.0 757.0 bus 0
554.0 861.0 478.0 869.0 467.0 763.0 544.0 755.0 bus 0
636.0 884.0 550.0 893.0 536.0 757.0 623.0 748.0 bus 0
716.0 861.0 622.0 875.0 600.0 725.0 694.0 712.0 bus 0
573.0 1024.0 497.0 1032.0 486.0 926.0 563.0 918.0 bus 2
650.0 1002.0 581.0 1024.0 549.0 922.0 619.0 900.0 bus 0
752.0 980.0 673.0 1005.0 632.0 875.0 712.0 850.0 bus 0
943.0 860.0 850.0 879.0 825.0 755.0 918.0 736.0 bus 0
998.0 851.0 920.0 867.0 894.0 737.0 972.0 721.0 bus 0
1058.0 839.0 980.0 855.0 954.0 725.0 1032.0 709.0 bus 2
