561.0 774.0 607.0 780.0 586.0 926.0 541.0 919.0 ignored 0
485.0 885.0 497.0 885.0 497.0 899.0 485.0 899.0 motor 0
489.0 812.0 513.0 812.0 513.0 837.0 489.0 837.0 car 0
669.0 912.0 677.0 912.0 677.0 929.0 669.0 929.0 motor 0
570.0 601.0 604.0 601.0 604.0 654.0 570.0 654.0 ignored 0
439.0 934.0 473.0 934.0 473.0 953.0 439.0 953.0 motor 0
916.0 959.0 940.0 959.0 940.0 990.0 916.0 990.0 car 0
985.0 958.0 964.0 961.0 961.0 933.0 983.0 931.0 car 0
968.0 853.0 949.0 855.0 946.0 831.0 966.0 829.0 car 0
932.0 853.0 912.0 856.0 909.0 830.0 930.0 828.0 car 0
955.0 802.0 935.0 805.0 933.0 784.0 953.0 782.0 car 0
891.0 785.0 872.0 787.0 869.0 765.0 889.0 763.0 car 0
920.0 695.0 942.0 695.0 942.0 716.0 920.0 716.0 car 0
909.0 663.0 928.0 663.0 928.0 686.0 909.0 686.0 truck 0
864.0 545.0 909.0 545.0 909.0 565.0 864.0 565.0 traffic-sign 0
877.0 576.0 896.0 576.0 896.0 593.0 877.0 593.0 car 0
854.0 578.0 873.0 578.0 873.0 597.0 854.0 597.0 truck 0
703.0 545.0 721.0 545.0 721.0 577.0 703.0 577.0 truck 0
726.0 617.0 741.0 617.0 741.0 639.0 726.0 639.0 car 0
675.0 582.0 685.0 582.0 685.0 594.0 675.0 594.0 motor 0
751.0 425.0 777.0 425.0 777.0 440.0 751.0 440.0 traffic-sign 0
841.0 553.0 860.0 553.0 860.0 572.0 841.0 572.0 car 0
961.0 729.0 971.0 729.0 971.0 749.0 961.0 749.0 motor 0
848.0 511.0 867.0 511.0 867.0 527.0 848.0 527.0 car 0
822.0 501.0 839.0 501.0 839.0 518.0 822.0 518.0 car 0
844.0 493.0 860.0 493.0 860.0 508.0 844.0 508.0 car 0
814.0 473.0 830.0 473.0 830.0 488.0 814.0 488.0 car 0
825.0 461.0 841.0 461.0 841.0 477.0 825.0 477.0 car 0
816.0 443.0 832.0 443.0 832.0 456.0 816.0 456.0 car 0
807.0 424.0 822.0 424.0 822.0 439.0 807.0 439.0 car 0
787.0 428.0 800.0 428.0 800.0 439.0 787.0 439.0 car 0
751.0 405.0 765.0 405.0 765.0 418.0 751.0 418.0 car 0
775.0 409.0 791.0 409.0 791.0 425.0 775.0 425.0 car 0
763.0 390.0 780.0 390.0 780.0 402.0 763.0 402.0 car 0
784.0 386.0 796.0 386.0 796.0 395.0 784.0 395.0 car 0
768.0 368.0 786.0 368.0 786.0 382.0 768.0 382.0 car 0
741.0 326.0 769.0 326.0 769.0 361.0 741.0 361.0 truck 0
711.0 368.0 729.0 368.0 729.0 394.0 711.0 394.0 truck 0
714.0 325.0 730.0 325.0 730.0 341.0 714.0 341.0 truck 0
673.0 337.0 689.0 337.0 689.0 349.0 673.0 349.0 car 0
720.0 360.0 735.0 360.0 735.0 371.0 720.0 371.0 car 0
735.0 376.0 756.0 376.0 756.0 392.0 735.0 392.0 truck 0
769.0 462.0 785.0 462.0 785.0 477.0 769.0 477.0 car 0
671.0 395.0 688.0 395.0 688.0 410.0 671.0 410.0 car 0
686.0 354.0 701.0 354.0 701.0 373.0 686.0 373.0 truck 0
640.0 344.0 657.0 344.0 657.0 359.0 640.0 359.0 car 0
690.0 297.0 704.0 297.0 704.0 309.0 690.0 309.0 car 0
660.0 320.0 675.0 320.0 675.0 330.0 660.0 330.0 car 0
675.0 328.0 690.0 328.0 690.0 338.0 675.0 338.0 car 0
583.0 134.0 598.0 134.0 598.0 143.0 583.0 143.0 car 0
568.0 146.0 582.0 146.0 582.0 157.0 568.0 157.0 car 0
537.0 176.0 552.0 176.0 552.0 185.0 537.0 185.0 car 0
560.0 199.0 573.0 199.0 573.0 208.0 560.0 208.0 car 0
580.0 203.0 591.0 203.0 591.0 213.0 580.0 213.0 car 0
557.0 185.0 568.0 185.0 568.0 194.0 557.0 194.0 car 0
546.0 208.0 557.0 208.0 557.0 216.0 546.0 216.0 car 0
543.0 251.0 556.0 251.0 556.0 265.0 543.0 265.0 car 0
563.0 252.0 574.0 252.0 574.0 263.0 563.0 263.0 car 0
559.0 236.0 569.0 236.0 569.0 246.0 559.0 246.0 car 0
556.0 226.0 567.0 226.0 567.0 239.0 556.0 239.0 truck 0
574.0 184.0 583.0 184.0 583.0 194.0 574.0 194.0 car 0
577.0 195.0 588.0 195.0 588.0 204.0 577.0 204.0 car 0
599.0 205.0 610.0 205.0 610.0 213.0 599.0 213.0 car 0
594.0 198.0 606.0 198.0 606.0 205.0 594.0 205.0 car 0
576.0 240.0 588.0 240.0 588.0 250.0 576.0 250.0 car 0
583.0 251.0 594.0 251.0 594.0 263.0 583.0 263.0 car 0
575.0 229.0 586.0 229.0 586.0 240.0 575.0 240.0 car 0
596.0 235.0 607.0 235.0 607.0 246.0 596.0 246.0 car 0
583.0 215.0 600.0 215.0 600.0 231.0 583.0 231.0 truck 0
620.0 270.0 633.0 270.0 633.0 284.0 620.0 284.0 car 0
621.0 255.0 633.0 255.0 633.0 268.0 621.0 268.0 car 0
618.0 241.0 627.0 241.0 627.0 252.0 618.0 252.0 truck 0
623.0 299.0 635.0 299.0 635.0 311.0 623.0 311.0 car 0
609.0 311.0 621.0 311.0 621.0 324.0 609.0 324.0 bus 0
594.0 296.0 605.0 296.0 605.0 310.0 594.0 310.0 bus 0
712.0 343.0 726.0 343.0 726.0 355.0 712.0 355.0 car 0
742.0 360.0 756.0 360.0 756.0 373.0 742.0 373.0 car 0
693.0 316.0 704.0 316.0 704.0 332.0 693.0 332.0 truck 0
708.0 305.0 719.0 305.0 719.0 319.0 708.0 319.0 truck 0
687.0 310.0 703.0 310.0 703.0 320.0 687.0 320.0 car 0
665.0 299.0 677.0 299.0 677.0 312.0 665.0 312.0 car 0
647.0 303.0 664.0 303.0 664.0 313.0 647.0 313.0 car 0
626.0 315.0 638.0 315.0 638.0 326.0 626.0 326.0 car 0
718.0 286.0 736.0 286.0 736.0 297.0 718.0 297.0 truck 0
711.0 271.0 730.0 271.0 730.0 291.0 711.0 291.0 truck 0
704.0 273.0 712.0 273.0 712.0 283.0 704.0 283.0 traffic-light 0
670.0 241.0 687.0 241.0 687.0 253.0 670.0 253.0 car 0
661.0 236.0 672.0 236.0 672.0 245.0 661.0 245.0 car 0
653.0 229.0 665.0 229.0 665.0 239.0 653.0 239.0 car 0
601.0 272.0 615.0 272.0 615.0 299.0 601.0 299.0 truck 0
584.0 265.0 596.0 265.0 596.0 284.0 584.0 284.0 truck 0
600.0 248.0 613.0 248.0 613.0 270.0 600.0 270.0 truck 0
607.0 220.0 620.0 220.0 620.0 232.0 607.0 232.0 car 0
646.0 216.0 662.0 216.0 662.0 232.0 646.0 232.0 truck 0
639.0 207.0 651.0 207.0 651.0 220.0 639.0 220.0 car 0
630.0 193.0 644.0 193.0 644.0 199.0 630.0 199.0 car 0
632.0 199.0 647.0 199.0 647.0 214.0 632.0 214.0 truck 0
