22.0 636.0 1.0 637.0 -1.0 607.0 21.0 606.0 car 2
161.0 548.0 178.0 555.0 169.0 575.0 153.0 569.0 car 0
211.0 525.0 229.0 532.0 221.0 549.0 204.0 542.0 car 0
282.0 425.0 298.0 431.0 292.0 447.0 276.0 441.0 car 0
269.0 376.0 277.0 388.0 260.0 401.0 252.0 388.0 car 0
62.0 470.0 78.0 477.0 71.0 493.0 55.0 487.0 car 0
144.0 419.0 159.0 425.0 151.0 442.0 137.0 435.0 car 0
128.0 418.0 141.0 424.0 134.0 440.0 121.0 434.0 car 0
24.0 417.0 36.0 421.0 30.0 435.0 19.0 431.0 car 0
318.0 842.0 330.0 842.0 330.0 867.0 318.0 867.0 motor 0
335.0 956.0 349.0 956.0 349.0 976.0 335.0 976.0 motor 0
375.0 389.0 389.0 394.0 385.0 407.0 370.0 402.0 car 0
368.0 366.0 371.0 376.0 347.0 381.0 345.0 371.0 car 0
429.0 355.0 430.0 362.0 410.0 367.0 408.0 360.0 car 0
506.0 432.0 516.0 446.0 498.0 458.0 489.0 445.0 car 0
698.0 356.0 687.0 365.0 677.0 351.0 689.0 343.0 car 0
834.0 478.0 892.0 478.0 892.0 496.0 834.0 496.0 ignored 0
699.0 727.0 678.0 737.0 666.0 710.0 687.0 700.0 car 0
809.0 748.0 804.0 768.0 762.0 758.0 766.0 739.0 car 0
822.0 737.0 819.0 751.0 794.0 745.0 797.0 731.0 car 0
746.0 656.0 823.0 656.0 823.0 679.0 746.0 679.0 ignored 0
804.0 713.0 711.0 731.0 706.0 704.0 800.0 687.0 ignored 0
878.0 746.0 837.0 757.0 830.0 731.0 871.0 719.0 ignored 0
943.0 773.0 843.0 805.0 833.0 772.0 933.0 740.0 ignored 0
914.0 708.0 944.0 717.0 939.0 733.0 909.0 724.0 car 0
994.0 794.0 1037.0 807.0 1030.0 827.0 988.0 814.0 car 2
288.0 767.0 372.0 774.0 368.0 829.0 283.0 822.0 traffic-sign 0
257.0 492.0 288.0 493.0 288.0 516.0 256.0 515.0 traffic-sign 0
187.0 488.0 217.0 489.0 216.0 511.0 186.0 510.0 traffic-sign 0
791.0 435.0 809.0 437.0 805.0 458.0 787.0 455.0 traffic-sign 0
929.0 289.0 955.0 289.0 955.0 302.0 929.0 302.0 bus 0
830.0 304.0 852.0 304.0 852.0 317.0 830.0 317.0 bus 0
971.0 291.0 995.0 291.0 995.0 301.0 971.0 301.0 car 0
