197.0 12.0 227.0 12.0 227.0 38.0 197.0 38.0 people 0
307.0 20.0 363.0 20.0 363.0 47.0 307.0 47.0 people 0
292.0 70.0 255.0 95.0 234.0 64.0 270.0 39.0 people 0
316.0 127.0 372.0 127.0 372.0 154.0 316.0 154.0 people 0
180.0 293.0 234.0 307.0 227.0 333.0 173.0 319.0 people 0
141.0 262.0 176.0 271.0 169.0 294.0 135.0 285.0 people 0
151.0 343.0 197.0 363.0 190.0 381.0 144.0 362.0 people 0
143.0 296.0 194.0 318.0 182.0 344.0 132.0 323.0 people 0
152.0 150.0 11.0 164.0 5.0 98.0 146.0 84.0 bus 0
12.0 215.0 153.0 215.0 153.0 281.0 12.0 281.0 bus 0
3.0 313.0 111.0 313.0 111.0 384.0 3.0 384.0 bus 0
110.0 449.0 3.0 460.0 -4.0 389.0 103.0 378.0 bus 2
-1.0 446.0 106.0 457.0 99.0 528.0 -8.0 517.0 bus 2
50.0 657.0 119.0 657.0 119.0 766.0 50.0 766.0 bus 0
136.0 896.0 63.0 904.0 49.0 764.0 122.0 757.0 bus 0
205.0 858.0 135.0 873.0 113.0 765.0 184.0 750.0 bus 0
263.0 853.0 201.0 866.0 182.0 773.0 245.0 760.0 bus 0
329.0 818.0 268.0 837.0 240.0 746.0 301.0 727.0 bus 0
400.0 807.0 341.0 832.0 304.0 745.0 363.0 720.0 bus 0
453.0 789.0 392.0 808.0 364.0 717.0 425.0 698.0 bus 0
511.0 789.0 438.0 804.0 410.0 667.0 484.0 652.0 bus 0
306.0 726.0 233.0 741.0 205.0 604.0 279.0 589.0 bus 0
240.0 758.0 160.0 773.0 134.0 629.0 214.0 615.0 bus 0
363.0 658.0 292.0 673.0 270.0 563.0 341.0 548.0 bus 0
429.0 671.0 367.0 683.0 348.0 586.0 409.0 573.0 bus 0
482.0 631.0 406.0 639.0 395.0 533.0 472.0 525.0 bus 0
554.0 629.0 478.0 637.0 467.0 531.0 544.0 523.0 bus 0
636.0 652.0 550.0 661.0 536.0 525.0 623.0 516.0 bus 0
716.0 629.0 622.0 643.0 600.0 493.0 694.0 480.0 bus 0
573.0 792.0 497.0 800.0 486.0 694.0 563.0 686.0 bus 0
650.0 770.0 581.0 792.0 549.0 690.0 619.0 668.0 bus 0
752.0 748.0 673.0 773.0 632.0 643.0 712.0 618.0 bus 0
943.0 628.0 850.0 647.0 825.0 523.0 918.0 504.0 bus 0
998.0 619.0 920.0 635.0 894.0 505.0 972.0 489.0 bus 0
1058.0 607.0 980.0 623.0 954.0 493.0 1032.0 477.0 bus 2
