297.0 194.0 427.0 194.0 427.0 223.0 297.0 223.0 bus 0
682.0 229.0 744.0 257.0 731.0 285.0 669.0 257.0 bus 0
415.0 590.0 337.0 661.0 302.0 622.0 381.0 552.0 bus 0
581.0 466.0 494.0 530.0 466.0 490.0 553.0 427.0 bus 0
649.0 418.0 584.0 465.0 558.0 428.0 622.0 382.0 bus 0
709.0 391.0 640.0 414.0 628.0 377.0 696.0 355.0 bus 0
771.0 377.0 711.0 389.0 705.0 354.0 764.0 343.0 bus 0
877.0 393.0 829.0 439.0 801.0 410.0 848.0 364.0 bus 0
915.0 313.0 938.0 375.0 900.0 389.0 877.0 327.0 bus 0
538.0 648.0 381.0 690.0 368.0 643.0 525.0 601.0 bus 0
595.0 593.0 454.0 631.0 442.0 586.0 583.0 548.0 bus 0
636.0 557.0 501.0 593.0 490.0 553.0 625.0 517.0 bus 0
672.0 520.0 541.0 555.0 530.0 514.0 661.0 479.0 bus 0
716.0 533.0 657.0 598.0 622.0 566.0 681.0 502.0 bus 0
865.0 401.0 937.0 463.0 912.0 493.0 839.0 431.0 bus 0
829.0 432.0 901.0 494.0 876.0 524.0 803.0 462.0 bus 0
804.0 455.0 883.0 523.0 856.0 555.0 777.0 487.0 bus 0
744.0 513.0 825.0 583.0 796.0 618.0 714.0 548.0 bus 0
694.0 563.0 781.0 638.0 754.0 670.0 667.0 595.0 bus 0
648.0 608.0 728.0 699.0 696.0 728.0 616.0 636.0 bus 0
618.0 635.0 704.0 733.0 668.0 765.0 582.0 667.0 bus 0
547.0 680.0 643.0 789.0 601.0 827.0 505.0 717.0 bus 0
