437.0 -35.0 508.0 -35.0 508.0 117.0 437.0 117.0 car 2
366.0 -4.0 437.0 -4.0 437.0 148.0 366.0 148.0 car 2
310.0 -9.0 381.0 -9.0 381.0 143.0 310.0 143.0 car 2
325.0 160.0 330.0 231.0 178.0 241.0 173.0 171.0 car 0
277.0 694.0 356.0 694.0 356.0 860.0 277.0 860.0 car 0
352.0 692.0 431.0 692.0 431.0 858.0 352.0 858.0 car 0
495.0 632.0 574.0 636.0 566.0 802.0 487.0 798.0 car 0
208.0 709.0 130.0 721.0 105.0 557.0 183.0 545.0 car 0
862.0 803.0 743.0 810.0 718.0 407.0 838.0 400.0 bus 0
717.0 924.0 859.0 924.0 859.0 1024.0 717.0 1024.0 bus 0
