8.0 -15.0 31.0 -15.0 31.0 28.0 8.0 28.0 people 2
142.0 18.0 236.0 18.0 236.0 71.0 142.0 71.0 ignored 0
730.0 32.0 787.0 38.0 782.0 87.0 725.0 82.0 ignored 0
380.0 155.0 701.0 187.0 690.0 288.0 370.0 256.0 bus 0
874.0 542.0 1023.0 542.0 1023.0 610.0 874.0 610.0 car 0
921.0 608.0 1023.0 608.0 1023.0 674.0 921.0 674.0 car 0
952.0 674.0 1023.0 674.0 1023.0 748.0 952.0 748.0 car 0
132.0 674.0 14.0 683.0 -7.0 412.0 111.0 403.0 bus 2
114.0 451.0 169.0 451.0 169.0 524.0 114.0 524.0 ignored 0
249.0 366.0 288.0 366.0 288.0 416.0 249.0 416.0 ignored 0
176.0 466.0 200.0 469.0 195.0 517.0 171.0 514.0 people 0
