66.0 787.0 185.0 839.0 160.0 898.0 40.0 846.0 ship 0
422.0 749.0 551.0 753.0 550.0 785.0 421.0 781.0 ship 0
220.0 777.0 344.0 806.0 332.0 860.0 207.0 831.0 ship 0
218.0 775.0 342.0 804.0 330.0 858.0 205.0 829.0 ship 0
511.0 1000.0 349.0 1004.0 347.0 957.0 510.0 953.0 ship 0
759.0 791.0 609.0 839.0 599.0 807.0 749.0 759.0 ship 0
669.0 557.0 716.0 601.0 691.0 628.0 644.0 584.0 ship 0
69.0 674.0 108.0 756.0 58.0 779.0 20.0 698.0 ship 0
256.0 627.0 315.0 690.0 278.0 725.0 219.0 663.0 ship 0
393.0 597.0 454.0 662.0 408.0 706.0 346.0 641.0 ship 0
591.0 590.0 627.0 664.0 583.0 685.0 548.0 610.0 ship 0
