207.0 199.0 417.0 199.0 417.0 246.0 207.0 246.0 ship 0
317.0 263.0 513.0 263.0 513.0 308.0 317.0 308.0 ship 0
254.0 255.0 323.0 255.0 323.0 296.0 254.0 296.0 ship 0
647.0 256.0 874.0 256.0 874.0 322.0 647.0 322.0 ship 0
593.0 233.0 721.0 233.0 721.0 253.0 593.0 253.0 boat 0
730.0 136.0 792.0 136.0 792.0 150.0 730.0 150.0 boat 0
748.0 124.0 817.0 124.0 817.0 138.0 748.0 138.0 boat 0
723.0 106.0 792.0 106.0 792.0 120.0 723.0 120.0 boat 0
575.0 113.0 644.0 113.0 644.0 127.0 575.0 127.0 boat 0
790.0 47.0 843.0 47.0 843.0 61.0 790.0 61.0 boat 0
792.0 99.0 556.0 111.0 554.0 61.0 790.0 50.0 ignored 0
